8,439,1,0.522097
8,677,2,0.727184
8,843,3,0.857721
8,963,4,0.893745
8,1070,5,0.942935
8,1160,6,0.949829
8,1248,7,0.958737
51,439,1,0.800108
51,579,2,0.872747
51,694,3,0.943579
51,784,4,0.975973
8,439,1,0.522097
8,677,2,0.727184
8,843,3,0.857721
8,963,4,0.893745
8,1070,5,0.942935
8,1160,6,0.949829
8,1248,7,0.958737
51,439,1,0.800108
51,579,2,0.872747
51,694,3,0.943579
51,784,4,0.975973
8,439,1,0.522097
8,677,2,0.727184
8,843,3,0.857721
8,963,4,0.893745
8,1070,5,0.942935
8,1160,6,0.949829
8,1248,7,0.958737
51,439,1,0.800108
51,579,2,0.872747
51,694,3,0.943579
51,784,4,0.975973
8,458,1,0.565777
8,694,2,0.75463
8,861,3,0.858896
8,990,4,0.906238
8,1101,5,0.948022
8,1197,6,0.954688
8,1290,7,0.959085
8,1382,8,0.94605
8,1479,9,0.951191
8,1574,10,0.951191
8,1669,11,0.951191
8,1764,12,0.951191
8,1859,13,0.947775
8,1955,14,0.949704
8,2050,15,0.949704
8,2145,16,0.949704
8,2240,17,0.949704
8,2335,18,0.949704
8,2430,19,0.949704
8,2525,20,0.949704
8,2620,21,0.949704
8,2715,22,0.949704
8,2810,23,0.949704
8,2905,24,0.949704
8,3000,25,0.949704
8,3095,26,0.949704
8,3190,27,0.949704
8,3285,28,0.949704
8,3380,29,0.949704
8,3475,30,0.954357
8,3569,31,0.956067
8,3662,32,0.957519
8,3754,33,0.957519
8,3846,34,0.957519
8,3938,35,0.957519
8,4030,36,0.96184
51,458,1,0.806262
51,606,2,0.889742
51,723,3,0.956051
51,816,4,0.984397
8,458,1,0.565777
8,694,2,0.75463
8,861,3,0.858896
8,990,4,0.906238
8,1101,5,0.948022
8,1197,6,0.954688
8,1290,7,0.959085
8,1382,8,0.94605
8,1479,9,0.951191
8,1574,10,0.951191
8,1669,11,0.951191
8,1764,12,0.951191
8,1859,13,0.947775
8,1955,14,0.949704
8,2050,15,0.949704
8,2145,16,0.949704
8,2240,17,0.949704
8,2335,18,0.949704
8,2430,19,0.949704
8,2525,20,0.949704
8,2620,21,0.949704
8,2715,22,0.949704
8,2810,23,0.949704
8,2905,24,0.949704
8,3000,25,0.949704
8,3095,26,0.949704
8,3190,27,0.949704
8,3285,28,0.949704
8,3380,29,0.949704
8,3475,30,0.954357
8,3569,31,0.956067
8,3662,32,0.957519
8,3754,33,0.957519
8,3846,34,0.957519
8,3938,35,0.957519
8,4030,36,0.96184
51,458,1,0.806262
51,606,2,0.889742
51,723,3,0.956051
51,816,4,0.984397
8,458,1,0.565777
8,694,2,0.75463
8,861,3,0.858896
8,990,4,0.906238
8,1101,5,0.948022
8,1197,6,0.954688
8,1290,7,0.959085
8,1382,8,0.94605
8,1479,9,0.951191
8,1574,10,0.951191
8,1669,11,0.951191
8,1764,12,0.951191
8,1859,13,0.947775
8,1955,14,0.949704
8,2050,15,0.949704
8,2145,16,0.949704
8,2240,17,0.949704
8,2335,18,0.949704
8,2430,19,0.949704
8,2525,20,0.949704
8,2620,21,0.949704
8,2715,22,0.949704
8,2810,23,0.949704
8,2905,24,0.949704
8,3000,25,0.949704
8,3095,26,0.949704
8,3190,27,0.949704
8,3285,28,0.949704
8,3380,29,0.949704
8,3475,30,0.954357
8,3569,31,0.956067
8,3662,32,0.957519
8,3754,33,0.957519
8,3846,34,0.957519
8,3938,35,0.957519
8,4030,36,0.96184
51,458,1,0.806262
51,606,2,0.889742
51,723,3,0.956051
51,816,4,0.984397
8,482,1,0.536803
8,745,2,0.79392
8,908,3,0.868536
8,1043,4,0.930437
8,1154,5,0.947594
8,1258,6,0.958737
8,1358,7,0.94605
8,1463,8,0.951191
8,1566,9,0.951191
8,1669,10,0.951191
8,1772,11,0.947775
8,1876,12,0.947775
8,1980,13,0.949704
8,2083,14,0.949704
8,2186,15,0.949704
8,2289,16,0.949704
8,2392,17,0.949704
8,2495,18,0.949704
8,2598,19,0.949704
8,2701,20,0.949704
8,2804,21,0.949704
8,2907,22,0.949704
8,3010,23,0.949704
8,3113,24,0.949704
8,3216,25,0.949704
8,3319,26,0.949704
8,3422,27,0.954357
8,3524,28,0.954357
8,3626,29,0.957519
8,3726,30,0.957519
8,3826,31,0.957519
8,3926,32,0.957519
8,4026,33,0.96184
8,4125,34,0.96184
8,4224,35,0.96184
8,4323,36,0.96184
8,4422,37,0.96184
8,4521,38,0.96184
8,4620,39,0.96184
8,4719,40,0.96184
8,4818,41,0.96184
8,4917,42,0.96184
8,5016,43,0.96184
8,5115,44,0.96184
8,5214,45,0.96184
8,5313,46,0.96184
8,5412,47,0.96184
8,5511,48,0.967056
8,5608,49,0.967056
8,5705,50,0.967056
51,482,1,0.828673
51,632,2,0.90456
51,753,3,0.968418
51,849,4,0.99011
8,482,1,0.536803
8,745,2,0.79392
8,908,3,0.868536
8,1043,4,0.930437
8,1154,5,0.947594
8,1258,6,0.958737
8,1358,7,0.94605
8,1463,8,0.951191
8,1566,9,0.951191
8,1669,10,0.951191
8,1772,11,0.947775
8,1876,12,0.947775
8,1980,13,0.949704
8,2083,14,0.949704
8,2186,15,0.949704
8,2289,16,0.949704
8,2392,17,0.949704
8,2495,18,0.949704
8,2598,19,0.949704
8,2701,20,0.949704
8,2804,21,0.949704
8,2907,22,0.949704
8,3010,23,0.949704
8,3113,24,0.949704
8,3216,25,0.949704
8,3319,26,0.949704
8,3422,27,0.954357
8,3524,28,0.954357
8,3626,29,0.957519
8,3726,30,0.957519
8,3826,31,0.957519
8,3926,32,0.957519
8,4026,33,0.96184
8,4125,34,0.96184
8,4224,35,0.96184
8,4323,36,0.96184
8,4422,37,0.96184
8,4521,38,0.96184
8,4620,39,0.96184
8,4719,40,0.96184
8,4818,41,0.96184
8,4917,42,0.96184
8,5016,43,0.96184
8,5115,44,0.96184
8,5214,45,0.96184
8,5313,46,0.96184
8,5412,47,0.96184
8,5511,48,0.967056
8,5608,49,0.967056
8,5705,50,0.967056
51,482,1,0.828673
51,632,2,0.90456
51,753,3,0.968418
51,849,4,0.99011
8,482,1,0.536803
8,745,2,0.79392
8,908,3,0.868536
8,1043,4,0.930437
8,1154,5,0.947594
8,1258,6,0.958737
8,1358,7,0.94605
8,1463,8,0.951191
8,1566,9,0.951191
8,1669,10,0.951191
8,1772,11,0.947775
8,1876,12,0.947775
8,1980,13,0.949704
8,2083,14,0.949704
8,2186,15,0.949704
8,2289,16,0.949704
8,2392,17,0.949704
8,2495,18,0.949704
8,2598,19,0.949704
8,2701,20,0.949704
8,2804,21,0.949704
8,2907,22,0.949704
8,3010,23,0.949704
8,3113,24,0.949704
8,3216,25,0.949704
8,3319,26,0.949704
8,3422,27,0.954357
8,3524,28,0.954357
8,3626,29,0.957519
8,3726,30,0.957519
8,3826,31,0.957519
8,3926,32,0.957519
8,4026,33,0.96184
8,4125,34,0.96184
8,4224,35,0.96184
8,4323,36,0.96184
8,4422,37,0.96184
8,4521,38,0.96184
8,4620,39,0.96184
8,4719,40,0.96184
8,4818,41,0.96184
8,4917,42,0.96184
8,5016,43,0.96184
8,5115,44,0.96184
8,5214,45,0.96184
8,5313,46,0.96184
8,5412,47,0.96184
8,5511,48,0.967056
8,5608,49,0.967056
8,5705,50,0.967056
51,482,1,0.828673
51,632,2,0.90456
51,753,3,0.968418
51,849,4,0.99011
8,515,1,0.600678
8,774,2,0.801651
8,950,3,0.890563
8,1089,4,0.94559
8,1206,5,0.957172
8,1318,6,0.959085
8,1429,7,0.951191
8,1543,8,0.951191
8,1657,9,0.951191
8,1771,10,0.947775
8,1887,11,0.947775
8,2003,12,0.949704
8,2118,13,0.949704
8,2233,14,0.949704
8,2348,15,0.949704
8,2463,16,0.949704
8,2578,17,0.949704
8,2693,18,0.949704
8,2808,19,0.949704
8,2923,20,0.949704
8,3038,21,0.949704
8,3153,22,0.949704
8,3268,23,0.949704
8,3383,24,0.949704
8,3498,25,0.954357
8,3611,26,0.956067
8,3723,27,0.957519
8,3835,28,0.957519
8,3947,29,0.957519
8,4059,30,0.96184
8,4169,31,0.96184
8,4279,32,0.96184
8,4389,33,0.96184
8,4499,34,0.96184
8,4609,35,0.96184
8,4719,36,0.96184
8,4829,37,0.96184
8,4939,38,0.96184
8,5049,39,0.96184
8,5159,40,0.96184
8,5269,41,0.96184
8,5379,42,0.96184
8,5489,43,0.96184
8,5599,44,0.967056
8,5707,45,0.967056
51,515,1,0.850624
51,671,2,0.925623
51,796,3,0.981979
8,515,1,0.600678
8,774,2,0.801651
8,950,3,0.890563
8,1089,4,0.94559
8,1206,5,0.957172
8,1318,6,0.959085
8,1429,7,0.951191
8,1543,8,0.951191
8,1657,9,0.951191
8,1771,10,0.947775
8,1887,11,0.947775
8,2003,12,0.949704
8,2118,13,0.949704
8,2233,14,0.949704
8,2348,15,0.949704
8,2463,16,0.949704
8,2578,17,0.949704
8,2693,18,0.949704
8,2808,19,0.949704
8,2923,20,0.949704
8,3038,21,0.949704
8,3153,22,0.949704
8,3268,23,0.949704
8,3383,24,0.949704
8,3498,25,0.954357
8,3611,26,0.956067
8,3723,27,0.957519
8,3835,28,0.957519
8,3947,29,0.957519
8,4059,30,0.96184
8,4169,31,0.96184
8,4279,32,0.96184
8,4389,33,0.96184
8,4499,34,0.96184
8,4609,35,0.96184
8,4719,36,0.96184
8,4829,37,0.96184
8,4939,38,0.96184
8,5049,39,0.96184
8,5159,40,0.96184
8,5269,41,0.96184
8,5379,42,0.96184
8,5489,43,0.96184
8,5599,44,0.967056
8,5707,45,0.967056
51,515,1,0.850624
51,671,2,0.925623
51,796,3,0.981979
8,515,1,0.600678
8,774,2,0.801651
8,950,3,0.890563
8,1089,4,0.94559
8,1206,5,0.957172
8,1318,6,0.959085
8,1429,7,0.951191
8,1543,8,0.951191
8,1657,9,0.951191
8,1771,10,0.947775
8,1887,11,0.947775
8,2003,12,0.949704
8,2118,13,0.949704
8,2233,14,0.949704
8,2348,15,0.949704
8,2463,16,0.949704
8,2578,17,0.949704
8,2693,18,0.949704
8,2808,19,0.949704
8,2923,20,0.949704
8,3038,21,0.949704
8,3153,22,0.949704
8,3268,23,0.949704
8,3383,24,0.949704
8,3498,25,0.954357
8,3611,26,0.956067
8,3723,27,0.957519
8,3835,28,0.957519
8,3947,29,0.957519
8,4059,30,0.96184
8,4169,31,0.96184
8,4279,32,0.96184
8,4389,33,0.96184
8,4499,34,0.96184
8,4609,35,0.96184
8,4719,36,0.96184
8,4829,37,0.96184
8,4939,38,0.96184
8,5049,39,0.96184
8,5159,40,0.96184
8,5269,41,0.96184
8,5379,42,0.96184
8,5489,43,0.96184
8,5599,44,0.967056
8,5707,45,0.967056
51,515,1,0.850624
51,671,2,0.925623
51,796,3,0.981979
8,568,1,0.671166
8,826,2,0.828727
8,1013,3,0.924946
8,1156,4,0.949829
8,1288,5,0.959085
8,1416,6,0.951191
8,1547,7,0.951191
8,1678,8,0.951191
8,1809,9,0.947775
8,1942,10,0.949704
8,2074,11,0.949704
8,2206,12,0.949704
8,2338,13,0.949704
8,2470,14,0.949704
8,2602,15,0.949704
8,2734,16,0.949704
8,2866,17,0.949704
8,2998,18,0.949704
8,3130,19,0.949704
8,3262,20,0.949704
8,3394,21,0.949704
8,3526,22,0.954357
8,3656,23,0.957519
8,3784,24,0.957519
8,3912,25,0.957519
8,4040,26,0.96184
8,4166,27,0.96184
8,4292,28,0.96184
8,4418,29,0.96184
8,4544,30,0.96184
8,4670,31,0.96184
8,4796,32,0.96184
8,4922,33,0.96184
8,5048,34,0.96184
8,5174,35,0.96184
8,5300,36,0.96184
8,5426,37,0.96184
8,5552,38,0.967056
8,5676,39,0.967056
51,568,1,0.872747
51,735,2,0.961068
51,862,3,0.99011
8,568,1,0.671166
8,826,2,0.828727
8,1013,3,0.924946
8,1156,4,0.949829
8,1288,5,0.959085
8,1416,6,0.951191
8,1547,7,0.951191
8,1678,8,0.951191
8,1809,9,0.947775
8,1942,10,0.949704
8,2074,11,0.949704
8,2206,12,0.949704
8,2338,13,0.949704
8,2470,14,0.949704
8,2602,15,0.949704
8,2734,16,0.949704
8,2866,17,0.949704
8,2998,18,0.949704
8,3130,19,0.949704
8,3262,20,0.949704
8,3394,21,0.949704
8,3526,22,0.954357
8,3656,23,0.957519
8,3784,24,0.957519
8,3912,25,0.957519
8,4040,26,0.96184
8,4166,27,0.96184
8,4292,28,0.96184
8,4418,29,0.96184
8,4544,30,0.96184
8,4670,31,0.96184
8,4796,32,0.96184
8,4922,33,0.96184
8,5048,34,0.96184
8,5174,35,0.96184
8,5300,36,0.96184
8,5426,37,0.96184
8,5552,38,0.967056
8,5676,39,0.967056
51,568,1,0.872747
51,735,2,0.961068
51,862,3,0.99011
8,568,1,0.671166
8,826,2,0.828727
8,1013,3,0.924946
8,1156,4,0.949829
8,1288,5,0.959085
8,1416,6,0.951191
8,1547,7,0.951191
8,1678,8,0.951191
8,1809,9,0.947775
8,1942,10,0.949704
8,2074,11,0.949704
8,2206,12,0.949704
8,2338,13,0.949704
8,2470,14,0.949704
8,2602,15,0.949704
8,2734,16,0.949704
8,2866,17,0.949704
8,2998,18,0.949704
8,3130,19,0.949704
8,3262,20,0.949704
8,3394,21,0.949704
8,3526,22,0.954357
8,3656,23,0.957519
8,3784,24,0.957519
8,3912,25,0.957519
8,4040,26,0.96184
8,4166,27,0.96184
8,4292,28,0.96184
8,4418,29,0.96184
8,4544,30,0.96184
8,4670,31,0.96184
8,4796,32,0.96184
8,4922,33,0.96184
8,5048,34,0.96184
8,5174,35,0.96184
8,5300,36,0.96184
8,5426,37,0.96184
8,5552,38,0.967056
8,5676,39,0.967056
51,568,1,0.872747
51,735,2,0.961068
51,862,3,0.99011
8,3774,1,0.904599
8,4666,2,0.922836
8,5503,3,0.947342
8,6266,4,0.963763
51,3774,1,0.839385
51,4862,2,0.880156
51,5827,3,0.908184
51,6708,4,0.922523
51,7545,5,0.932682
51,8352,6,0.948826
51,9110,7,0.961412
8,3774,1,0.904599
8,4666,2,0.922836
8,5503,3,0.947342
8,6266,4,0.963763
51,3774,1,0.839385
51,4862,2,0.880156
51,5827,3,0.908184
51,6708,4,0.922523
51,7545,5,0.932682
51,8352,6,0.948826
51,9110,7,0.961412
8,3774,1,0.904599
8,4666,2,0.922836
8,5503,3,0.947342
8,6266,4,0.963763
51,3774,1,0.839385
51,4862,2,0.880156
51,5827,3,0.908184
51,6708,4,0.922523
51,7545,5,0.932682
51,8352,6,0.948826
51,9110,7,0.961412
8,4103,1,0.920541
8,5053,2,0.937393
8,5948,3,0.955171
8,6784,4,0.974443
51,4103,1,0.849163
51,5287,2,0.896536
51,6316,3,0.92062
51,7266,4,0.930815
51,8182,5,0.948826
51,9039,6,0.957418
51,9868,7,0.965535
8,4103,1,0.920541
8,5053,2,0.937393
8,5948,3,0.955171
8,6784,4,0.974443
51,4103,1,0.849163
51,5287,2,0.896536
51,6316,3,0.92062
51,7266,4,0.930815
51,8182,5,0.948826
51,9039,6,0.957418
51,9868,7,0.965535
8,4103,1,0.920541
8,5053,2,0.937393
8,5948,3,0.955171
8,6784,4,0.974443
51,4103,1,0.849163
51,5287,2,0.896536
51,6316,3,0.92062
51,7266,4,0.930815
51,8182,5,0.948826
51,9039,6,0.957418
51,9868,7,0.965535
8,4504,1,0.920933
8,5581,2,0.948654
8,6558,3,0.963763
8,7481,4,0.97762
51,4504,1,0.868576
51,5770,2,0.908184
51,6893,3,0.924006
51,7959,4,0.94231
51,8959,5,0.957418
51,9905,6,0.965535
51,10822,7,0.971257
8,4504,1,0.920933
8,5581,2,0.948654
8,6558,3,0.963763
8,7481,4,0.97762
51,4504,1,0.868576
51,5770,2,0.908184
51,6893,3,0.924006
51,7959,4,0.94231
51,8959,5,0.957418
51,9905,6,0.965535
51,10822,7,0.971257
8,4504,1,0.920933
8,5581,2,0.948654
8,6558,3,0.963763
8,7481,4,0.97762
51,4504,1,0.868576
51,5770,2,0.908184
51,6893,3,0.924006
51,7959,4,0.94231
51,8959,5,0.957418
51,9905,6,0.965535
51,10822,7,0.971257
8,4919,1,0.935943
8,6076,2,0.963763
8,7123,3,0.974774
8,8127,4,0.983342
51,4919,1,0.88635
51,6271,2,0.91654
51,7504,3,0.932682
51,8674,4,0.957418
51,9746,5,0.962689
51,10798,6,0.971257
51,11816,7,0.97287
51,12828,8,0.973645
51,13837,9,0.976337
51,14835,10,0.976337
51,15833,11,0.979917
51,16817,12,0.982507
8,4919,1,0.935943
8,6076,2,0.963763
8,7123,3,0.974774
8,8127,4,0.983342
51,4919,1,0.88635
51,6271,2,0.91654
51,7504,3,0.932682
51,8674,4,0.957418
51,9746,5,0.962689
51,10798,6,0.971257
51,11816,7,0.97287
51,12828,8,0.973645
51,13837,9,0.976337
51,14835,10,0.976337
51,15833,11,0.979917
51,16817,12,0.982507
8,4919,1,0.935943
8,6076,2,0.963763
8,7123,3,0.974774
8,8127,4,0.983342
51,4919,1,0.88635
51,6271,2,0.91654
51,7504,3,0.932682
51,8674,4,0.957418
51,9746,5,0.962689
51,10798,6,0.971257
51,11816,7,0.97287
51,12828,8,0.973645
51,13837,9,0.976337
51,14835,10,0.976337
51,15833,11,0.979917
51,16817,12,0.982507
8,5373,1,0.939027
8,6667,2,0.974443
8,7808,3,0.983342
8,8911,4,0.990311
51,5373,1,0.896536
51,6849,2,0.924006
51,8207,3,0.948826
51,9458,4,0.961412
51,10655,5,0.971257
51,11810,6,0.97287
51,12958,7,0.973645
51,14103,8,0.976337
51,15236,9,0.979917
51,16354,10,0.982507
51,17461,11,0.982507
51,18568,12,0.982507
51,19675,13,0.982507
51,20782,14,0.982507
51,21889,15,0.982507
8,5373,1,0.939027
8,6667,2,0.974443
8,7808,3,0.983342
8,8911,4,0.990311
51,5373,1,0.896536
51,6849,2,0.924006
51,8207,3,0.948826
51,9458,4,0.961412
51,10655,5,0.971257
51,11810,6,0.97287
51,12958,7,0.973645
51,14103,8,0.976337
51,15236,9,0.979917
51,16354,10,0.982507
51,17461,11,0.982507
51,18568,12,0.982507
51,19675,13,0.982507
51,20782,14,0.982507
51,21889,15,0.982507
8,5373,1,0.939027
8,6667,2,0.974443
8,7808,3,0.983342
8,8911,4,0.990311
51,5373,1,0.896536
51,6849,2,0.924006
51,8207,3,0.948826
51,9458,4,0.961412
51,10655,5,0.971257
51,11810,6,0.97287
51,12958,7,0.973645
51,14103,8,0.976337
51,15236,9,0.979917
51,16354,10,0.982507
51,17461,11,0.982507
51,18568,12,0.982507
51,19675,13,0.982507
51,20782,14,0.982507
51,21889,15,0.982507
8,1773,1,0.873153
8,2236,2,0.909479
8,2648,3,0.930346
8,3030,4,0.943622
8,3394,5,0.948981
8,3750,6,0.957204
51,1773,1,0.791665
51,2352,2,0.842525
51,2859,3,0.877285
51,3317,4,0.899068
51,3744,5,0.918261
51,4144,6,0.933601
51,4522,7,0.940264
51,4890,8,0.947972
51,5247,9,0.950099
8,1773,1,0.873153
8,2236,2,0.909479
8,2648,3,0.930346
8,3030,4,0.943622
8,3394,5,0.948981
8,3750,6,0.957204
51,1773,1,0.791665
51,2352,2,0.842525
51,2859,3,0.877285
51,3317,4,0.899068
51,3744,5,0.918261
51,4144,6,0.933601
51,4522,7,0.940264
51,4890,8,0.947972
51,5247,9,0.950099
8,1773,1,0.873153
8,2236,2,0.909479
8,2648,3,0.930346
8,3030,4,0.943622
8,3394,5,0.948981
8,3750,6,0.957204
51,1773,1,0.791665
51,2352,2,0.842525
51,2859,3,0.877285
51,3317,4,0.899068
51,3744,5,0.918261
51,4144,6,0.933601
51,4522,7,0.940264
51,4890,8,0.947972
51,5247,9,0.950099
8,1938,1,0.882799
8,2445,2,0.911499
8,2908,3,0.942435
8,3323,4,0.948981
8,3728,5,0.957204
8,4120,6,0.959641
8,4508,7,0.966732
51,1938,1,0.817024
51,2547,2,0.862631
51,3085,3,0.894565
51,3574,4,0.915251
51,4031,5,0.922108
51,4477,6,0.940264
51,4895,7,0.947972
51,5301,8,0.952379
51,5700,9,0.952379
51,6099,10,0.959535
51,6487,11,0.963965
8,1938,1,0.882799
8,2445,2,0.911499
8,2908,3,0.942435
8,3323,4,0.948981
8,3728,5,0.957204
8,4120,6,0.959641
8,4508,7,0.966732
51,1938,1,0.817024
51,2547,2,0.862631
51,3085,3,0.894565
51,3574,4,0.915251
51,4031,5,0.922108
51,4477,6,0.940264
51,4895,7,0.947972
51,5301,8,0.952379
51,5700,9,0.952379
51,6099,10,0.959535
51,6487,11,0.963965
8,1938,1,0.882799
8,2445,2,0.911499
8,2908,3,0.942435
8,3323,4,0.948981
8,3728,5,0.957204
8,4120,6,0.959641
8,4508,7,0.966732
51,1938,1,0.817024
51,2547,2,0.862631
51,3085,3,0.894565
51,3574,4,0.915251
51,4031,5,0.922108
51,4477,6,0.940264
51,4895,7,0.947972
51,5301,8,0.952379
51,5700,9,0.952379
51,6099,10,0.959535
51,6487,11,0.963965
8,2154,1,0.902565
8,2701,2,0.930346
8,3200,3,0.945633
8,3672,4,0.957204
8,4125,5,0.959641
8,4573,6,0.966732
8,5009,7,0.966732
8,5445,8,0.970588
51,2154,1,0.822138
51,2839,2,0.874687
51,3434,3,0.906576
51,3974,4,0.922108
51,4487,5,0.940264
51,4969,6,0.947972
51,5437,7,0.952379
51,5898,8,0.95758
51,6350,9,0.963965
51,6791,10,0.963965
51,7232,11,0.967574
51,7667,12,0.970353
8,2154,1,0.902565
8,2701,2,0.930346
8,3200,3,0.945633
8,3672,4,0.957204
8,4125,5,0.959641
8,4573,6,0.966732
8,5009,7,0.966732
8,5445,8,0.970588
51,2154,1,0.822138
51,2839,2,0.874687
51,3434,3,0.906576
51,3974,4,0.922108
51,4487,5,0.940264
51,4969,6,0.947972
51,5437,7,0.952379
51,5898,8,0.95758
51,6350,9,0.963965
51,6791,10,0.963965
51,7232,11,0.967574
51,7667,12,0.970353
8,2154,1,0.902565
8,2701,2,0.930346
8,3200,3,0.945633
8,3672,4,0.957204
8,4125,5,0.959641
8,4573,6,0.966732
8,5009,7,0.966732
8,5445,8,0.970588
51,2154,1,0.822138
51,2839,2,0.874687
51,3434,3,0.906576
51,3974,4,0.922108
51,4487,5,0.940264
51,4969,6,0.947972
51,5437,7,0.952379
51,5898,8,0.95758
51,6350,9,0.963965
51,6791,10,0.963965
51,7232,11,0.967574
51,7667,12,0.970353
8,2412,1,0.911499
8,3026,2,0.943622
8,3578,3,0.957204
8,4103,4,0.959641
8,4624,5,0.966732
8,5131,6,0.966732
8,5638,7,0.975018
8,6129,8,0.975018
8,6620,9,0.978627
8,7104,10,0.980687
51,2412,1,0.854344
51,3136,2,0.894565
51,3782,3,0.92079
51,4378,4,0.940264
51,4936,5,0.947972
51,5479,6,0.952379
51,6014,7,0.959535
51,6535,8,0.963965
51,7047,9,0.963965
51,7559,10,0.970353
51,8059,11,0.970353
51,8559,12,0.974318
51,9051,13,0.976916
51,9538,14,0.979489
51,10020,15,0.979489
51,10502,16,0.979489
51,10984,17,0.979489
51,11466,18,0.979489
51,11948,19,0.979489
51,12430,20,0.979489
51,12912,21,0.979489
51,13394,22,0.979489
51,13876,23,0.980884
8,2412,1,0.911499
8,3026,2,0.943622
8,3578,3,0.957204
8,4103,4,0.959641
8,4624,5,0.966732
8,5131,6,0.966732
8,5638,7,0.975018
8,6129,8,0.975018
8,6620,9,0.978627
8,7104,10,0.980687
51,2412,1,0.854344
51,3136,2,0.894565
51,3782,3,0.92079
51,4378,4,0.940264
51,4936,5,0.947972
51,5479,6,0.952379
51,6014,7,0.959535
51,6535,8,0.963965
51,7047,9,0.963965
51,7559,10,0.970353
51,8059,11,0.970353
51,8559,12,0.974318
51,9051,13,0.976916
51,9538,14,0.979489
51,10020,15,0.979489
51,10502,16,0.979489
51,10984,17,0.979489
51,11466,18,0.979489
51,11948,19,0.979489
51,12430,20,0.979489
51,12912,21,0.979489
51,13394,22,0.979489
51,13876,23,0.980884
8,2412,1,0.911499
8,3026,2,0.943622
8,3578,3,0.957204
8,4103,4,0.959641
8,4624,5,0.966732
8,5131,6,0.966732
8,5638,7,0.975018
8,6129,8,0.975018
8,6620,9,0.978627
8,7104,10,0.980687
51,2412,1,0.854344
51,3136,2,0.894565
51,3782,3,0.92079
51,4378,4,0.940264
51,4936,5,0.947972
51,5479,6,0.952379
51,6014,7,0.959535
51,6535,8,0.963965
51,7047,9,0.963965
51,7559,10,0.970353
51,8059,11,0.970353
51,8559,12,0.974318
51,9051,13,0.976916
51,9538,14,0.979489
51,10020,15,0.979489
51,10502,16,0.979489
51,10984,17,0.979489
51,11466,18,0.979489
51,11948,19,0.979489
51,12430,20,0.979489
51,12912,21,0.979489
51,13394,22,0.979489
51,13876,23,0.980884
8,2809,1,0.936088
8,3492,2,0.948981
8,4146,3,0.959641
8,4776,4,0.966732
8,5390,5,0.970588
8,5995,6,0.975018
8,6590,7,0.975018
8,7185,8,0.980687
8,7767,9,0.980687
8,8349,10,0.984652
8,8923,11,0.984652
8,9497,12,0.984652
8,10071,13,0.984652
8,10645,14,0.984652
8,11219,15,0.984652
8,11793,16,0.984652
8,12367,17,0.984652
8,12941,18,0.984652
8,13515,19,0.986048
8,14085,20,0.986048
8,14655,21,0.986048
8,15225,22,0.986048
8,15795,23,0.986048
51,2809,1,0.874687
51,3630,2,0.915251
51,4359,3,0.940264
51,5032,4,0.950099
51,5683,5,0.952379
51,6329,6,0.963965
51,6949,7,0.963965
51,7569,8,0.970353
51,8175,9,0.970353
51,8781,10,0.976916
51,9372,11,0.979489
51,9957,12,0.979489
51,10542,13,0.979489
51,11127,14,0.979489
51,11712,15,0.979489
51,12297,16,0.979489
51,12882,17,0.979489
51,13467,18,0.979489
51,14052,19,0.980884
8,2809,1,0.936088
8,3492,2,0.948981
8,4146,3,0.959641
8,4776,4,0.966732
8,5390,5,0.970588
8,5995,6,0.975018
8,6590,7,0.975018
8,7185,8,0.980687
8,7767,9,0.980687
8,8349,10,0.984652
8,8923,11,0.984652
8,9497,12,0.984652
8,10071,13,0.984652
8,10645,14,0.984652
8,11219,15,0.984652
8,11793,16,0.984652
8,12367,17,0.984652
8,12941,18,0.984652
8,13515,19,0.986048
8,14085,20,0.986048
8,14655,21,0.986048
8,15225,22,0.986048
8,15795,23,0.986048
51,2809,1,0.874687
51,3630,2,0.915251
51,4359,3,0.940264
51,5032,4,0.950099
51,5683,5,0.952379
51,6329,6,0.963965
51,6949,7,0.963965
51,7569,8,0.970353
51,8175,9,0.970353
51,8781,10,0.976916
51,9372,11,0.979489
51,9957,12,0.979489
51,10542,13,0.979489
51,11127,14,0.979489
51,11712,15,0.979489
51,12297,16,0.979489
51,12882,17,0.979489
51,13467,18,0.979489
51,14052,19,0.980884
8,2809,1,0.936088
8,3492,2,0.948981
8,4146,3,0.959641
8,4776,4,0.966732
8,5390,5,0.970588
8,5995,6,0.975018
8,6590,7,0.975018
8,7185,8,0.980687
8,7767,9,0.980687
8,8349,10,0.984652
8,8923,11,0.984652
8,9497,12,0.984652
8,10071,13,0.984652
8,10645,14,0.984652
8,11219,15,0.984652
8,11793,16,0.984652
8,12367,17,0.984652
8,12941,18,0.984652
8,13515,19,0.986048
8,14085,20,0.986048
8,14655,21,0.986048
8,15225,22,0.986048
8,15795,23,0.986048
51,2809,1,0.874687
51,3630,2,0.915251
51,4359,3,0.940264
51,5032,4,0.950099
51,5683,5,0.952379
51,6329,6,0.963965
51,6949,7,0.963965
51,7569,8,0.970353
51,8175,9,0.970353
51,8781,10,0.976916
51,9372,11,0.979489
51,9957,12,0.979489
51,10542,13,0.979489
51,11127,14,0.979489
51,11712,15,0.979489
51,12297,16,0.979489
51,12882,17,0.979489
51,13467,18,0.979489
51,14052,19,0.980884
8,1174,1,0.635558
8,1704,2,0.757268
8,2119,3,0.827961
8,2468,4,0.869276
8,2778,5,0.887907
8,3071,6,0.901401
8,3351,7,0.914822
8,3619,8,0.926602
8,3875,9,0.937636
8,4121,10,0.944606
8,4361,11,0.95121
51,1174,1,0.807428
51,1542,2,0.88211
51,1840,3,0.914588
51,2108,4,0.93682
51,2355,5,0.947848
51,2592,6,0.958142
8,1174,1,0.635558
8,1704,2,0.757268
8,2119,3,0.827961
8,2468,4,0.869276
8,2778,5,0.887907
8,3071,6,0.901401
8,3351,7,0.914822
8,3619,8,0.926602
8,3875,9,0.937636
8,4121,10,0.944606
8,4361,11,0.95121
51,1174,1,0.807428
51,1542,2,0.88211
51,1840,3,0.914588
51,2108,4,0.93682
51,2355,5,0.947848
51,2592,6,0.958142
8,1174,1,0.635558
8,1704,2,0.757268
8,2119,3,0.827961
8,2468,4,0.869276
8,2778,5,0.887907
8,3071,6,0.901401
8,3351,7,0.914822
8,3619,8,0.926602
8,3875,9,0.937636
8,4121,10,0.944606
8,4361,11,0.95121
51,1174,1,0.807428
51,1542,2,0.88211
51,1840,3,0.914588
51,2108,4,0.93682
51,2355,5,0.947848
51,2592,6,0.958142
8,1272,1,0.652975
8,1839,2,0.791989
8,2264,3,0.839356
8,2641,4,0.886744
8,2970,5,0.8974
8,3288,6,0.914822
8,3588,7,0.926602
8,3876,8,0.937636
8,4153,9,0.944606
8,4423,10,0.95121
8,4686,11,0.954152
8,4946,12,0.959867
8,5201,13,0.962915
51,1272,1,0.82604
51,1663,2,0.89808
51,1980,3,0.929307
51,2266,4,0.947848
51,2533,5,0.954163
51,2793,6,0.960828
8,1272,1,0.652975
8,1839,2,0.791989
8,2264,3,0.839356
8,2641,4,0.886744
8,2970,5,0.8974
8,3288,6,0.914822
8,3588,7,0.926602
8,3876,8,0.937636
8,4153,9,0.944606
8,4423,10,0.95121
8,4686,11,0.954152
8,4946,12,0.959867
8,5201,13,0.962915
51,1272,1,0.82604
51,1663,2,0.89808
51,1980,3,0.929307
51,2266,4,0.947848
51,2533,5,0.954163
51,2793,6,0.960828
8,1272,1,0.652975
8,1839,2,0.791989
8,2264,3,0.839356
8,2641,4,0.886744
8,2970,5,0.8974
8,3288,6,0.914822
8,3588,7,0.926602
8,3876,8,0.937636
8,4153,9,0.944606
8,4423,10,0.95121
8,4686,11,0.954152
8,4946,12,0.959867
8,5201,13,0.962915
51,1272,1,0.82604
51,1663,2,0.89808
51,1980,3,0.929307
51,2266,4,0.947848
51,2533,5,0.954163
51,2793,6,0.960828
8,1397,1,0.67936
8,2001,2,0.814768
8,2454,3,0.865801
8,2850,4,0.892086
8,3217,5,0.914822
8,3558,6,0.926602
8,3886,7,0.937636
8,4202,8,0.944606
8,4510,9,0.954152
8,4807,10,0.959867
8,5098,11,0.962915
8,5385,12,0.968136
8,5667,13,0.969223
8,5947,14,0.975078
51,1397,1,0.854288
51,1806,2,0.906794
51,2156,3,0.938189
51,2471,4,0.954163
51,2768,5,0.960828
51,3058,6,0.96635
51,3342,7,0.969291
51,3622,8,0.971795
8,1397,1,0.67936
8,2001,2,0.814768
8,2454,3,0.865801
8,2850,4,0.892086
8,3217,5,0.914822
8,3558,6,0.926602
8,3886,7,0.937636
8,4202,8,0.944606
8,4510,9,0.954152
8,4807,10,0.959867
8,5098,11,0.962915
8,5385,12,0.968136
8,5667,13,0.969223
8,5947,14,0.975078
51,1397,1,0.854288
51,1806,2,0.906794
51,2156,3,0.938189
51,2471,4,0.954163
51,2768,5,0.960828
51,3058,6,0.96635
51,3342,7,0.969291
51,3622,8,0.971795
8,1397,1,0.67936
8,2001,2,0.814768
8,2454,3,0.865801
8,2850,4,0.892086
8,3217,5,0.914822
8,3558,6,0.926602
8,3886,7,0.937636
8,4202,8,0.944606
8,4510,9,0.954152
8,4807,10,0.959867
8,5098,11,0.962915
8,5385,12,0.968136
8,5667,13,0.969223
8,5947,14,0.975078
51,1397,1,0.854288
51,1806,2,0.906794
51,2156,3,0.938189
51,2471,4,0.954163
51,2768,5,0.960828
51,3058,6,0.96635
51,3342,7,0.969291
51,3622,8,0.971795
8,1568,1,0.73756
8,2186,2,0.831029
8,2686,3,0.884551
8,3119,4,0.909329
8,3521,5,0.922623
8,3906,6,0.937636
8,4273,7,0.95121
8,4623,8,0.954152
8,4969,9,0.959867
8,5308,10,0.968136
8,5636,11,0.969223
8,5963,12,0.975078
8,6283,13,0.975078
8,6603,14,0.977371
8,6920,15,0.977371
8,7237,16,0.977371
8,7554,17,0.977371
8,7871,18,0.977371
8,8188,19,0.977371
8,8505,20,0.977371
8,8822,21,0.977371
8,9139,22,0.977371
8,9456,23,0.977371
8,9773,24,0.977371
8,10090,25,0.978859
8,10405,26,0.978859
8,10720,27,0.978859
8,11035,28,0.978859
8,11350,29,0.978859
8,11665,30,0.978859
8,11980,31,0.978859
8,12295,32,0.978859
51,1568,1,0.881779
51,2005,2,0.929307
51,2382,3,0.954163
51,2728,4,0.960828
51,3066,5,0.96635
51,3397,6,0.971795
51,3721,7,0.974455
51,4041,8,0.981716
8,1568,1,0.73756
8,2186,2,0.831029
8,2686,3,0.884551
8,3119,4,0.909329
8,3521,5,0.922623
8,3906,6,0.937636
8,4273,7,0.95121
8,4623,8,0.954152
8,4969,9,0.959867
8,5308,10,0.968136
8,5636,11,0.969223
8,5963,12,0.975078
8,6283,13,0.975078
8,6603,14,0.977371
8,6920,15,0.977371
8,7237,16,0.977371
8,7554,17,0.977371
8,7871,18,0.977371
8,8188,19,0.977371
8,8505,20,0.977371
8,8822,21,0.977371
8,9139,22,0.977371
8,9456,23,0.977371
8,9773,24,0.977371
8,10090,25,0.978859
8,10405,26,0.978859
8,10720,27,0.978859
8,11035,28,0.978859
8,11350,29,0.978859
8,11665,30,0.978859
8,11980,31,0.978859
8,12295,32,0.978859
51,1568,1,0.881779
51,2005,2,0.929307
51,2382,3,0.954163
51,2728,4,0.960828
51,3066,5,0.96635
51,3397,6,0.971795
51,3721,7,0.974455
51,4041,8,0.981716
8,1568,1,0.73756
8,2186,2,0.831029
8,2686,3,0.884551
8,3119,4,0.909329
8,3521,5,0.922623
8,3906,6,0.937636
8,4273,7,0.95121
8,4623,8,0.954152
8,4969,9,0.959867
8,5308,10,0.968136
8,5636,11,0.969223
8,5963,12,0.975078
8,6283,13,0.975078
8,6603,14,0.977371
8,6920,15,0.977371
8,7237,16,0.977371
8,7554,17,0.977371
8,7871,18,0.977371
8,8188,19,0.977371
8,8505,20,0.977371
8,8822,21,0.977371
8,9139,22,0.977371
8,9456,23,0.977371
8,9773,24,0.977371
8,10090,25,0.978859
8,10405,26,0.978859
8,10720,27,0.978859
8,11035,28,0.978859
8,11350,29,0.978859
8,11665,30,0.978859
8,11980,31,0.978859
8,12295,32,0.978859
51,1568,1,0.881779
51,2005,2,0.929307
51,2382,3,0.954163
51,2728,4,0.960828
51,3066,5,0.96635
51,3397,6,0.971795
51,3721,7,0.974455
51,4041,8,0.981716
8,1823,1,0.791989
8,2476,2,0.869276
8,3017,3,0.901401
8,3511,4,0.922623
8,3974,5,0.940657
8,4410,6,0.95121
8,4831,7,0.959867
8,5239,8,0.962915
8,5643,9,0.969223
8,6038,10,0.975078
8,6424,11,0.975078
8,6810,12,0.977371
8,7193,13,0.977371
8,7576,14,0.977371
8,7959,15,0.977371
8,8342,16,0.977371
8,8725,17,0.977371
8,9108,18,0.977371
8,9491,19,0.977371
8,9874,20,0.977371
8,10257,21,0.978859
8,10638,22,0.978859
8,11019,23,0.978859
8,11400,24,0.978859
8,11781,25,0.978859
8,12162,26,0.978859
51,1823,1,0.906794
51,2309,2,0.947848
51,2735,3,0.960828
51,3142,4,0.96635
51,3541,5,0.971795
51,3932,6,0.975541
51,4318,7,0.981716
51,4695,8,0.981716
51,5072,9,0.981716
51,5449,10,0.981716
51,5826,11,0.981716
51,6203,12,0.981716
51,6580,13,0.983327
51,6954,14,0.983327
51,7328,15,0.983327
51,7702,16,0.983327
51,8076,17,0.983327
51,8450,18,0.983327
8,1823,1,0.791989
8,2476,2,0.869276
8,3017,3,0.901401
8,3511,4,0.922623
8,3974,5,0.940657
8,4410,6,0.95121
8,4831,7,0.959867
8,5239,8,0.962915
8,5643,9,0.969223
8,6038,10,0.975078
8,6424,11,0.975078
8,6810,12,0.977371
8,7193,13,0.977371
8,7576,14,0.977371
8,7959,15,0.977371
8,8342,16,0.977371
8,8725,17,0.977371
8,9108,18,0.977371
8,9491,19,0.977371
8,9874,20,0.977371
8,10257,21,0.978859
8,10638,22,0.978859
8,11019,23,0.978859
8,11400,24,0.978859
8,11781,25,0.978859
8,12162,26,0.978859
51,1823,1,0.906794
51,2309,2,0.947848
51,2735,3,0.960828
51,3142,4,0.96635
51,3541,5,0.971795
51,3932,6,0.975541
51,4318,7,0.981716
51,4695,8,0.981716
51,5072,9,0.981716
51,5449,10,0.981716
51,5826,11,0.981716
51,6203,12,0.981716
51,6580,13,0.983327
51,6954,14,0.983327
51,7328,15,0.983327
51,7702,16,0.983327
51,8076,17,0.983327
51,8450,18,0.983327
8,1823,1,0.791989
8,2476,2,0.869276
8,3017,3,0.901401
8,3511,4,0.922623
8,3974,5,0.940657
8,4410,6,0.95121
8,4831,7,0.959867
8,5239,8,0.962915
8,5643,9,0.969223
8,6038,10,0.975078
8,6424,11,0.975078
8,6810,12,0.977371
8,7193,13,0.977371
8,7576,14,0.977371
8,7959,15,0.977371
8,8342,16,0.977371
8,8725,17,0.977371
8,9108,18,0.977371
8,9491,19,0.977371
8,9874,20,0.977371
8,10257,21,0.978859
8,10638,22,0.978859
8,11019,23,0.978859
8,11400,24,0.978859
8,11781,25,0.978859
8,12162,26,0.978859
51,1823,1,0.906794
51,2309,2,0.947848
51,2735,3,0.960828
51,3142,4,0.96635
51,3541,5,0.971795
51,3932,6,0.975541
51,4318,7,0.981716
51,4695,8,0.981716
51,5072,9,0.981716
51,5449,10,0.981716
51,5826,11,0.981716
51,6203,12,0.981716
51,6580,13,0.983327
51,6954,14,0.983327
51,7328,15,0.983327
51,7702,16,0.983327
51,8076,17,0.983327
51,8450,18,0.983327
