8,643,1,0.545269
8,954,2,0.684699
8,1193,3,0.72221
8,1413,4,0.776957
8,1605,5,0.826235
8,1771,6,0.854972
8,1923,7,0.869594
8,2067,8,0.88581
8,2203,9,0.889732
8,2337,10,0.898638
8,2466,11,0.907436
51,643,1,0.759733
51,844,2,0.79533
51,1026,3,0.852444
51,1179,4,0.876211
51,1320,5,0.895744
51,1451,6,0.903962
8,643,1,0.545269
8,954,2,0.684699
8,1193,3,0.72221
8,1413,4,0.776957
8,1605,5,0.826235
8,1771,6,0.854972
8,1923,7,0.869594
8,2067,8,0.88581
8,2203,9,0.889732
8,2337,10,0.898638
8,2466,11,0.907436
51,643,1,0.759733
51,844,2,0.79533
51,1026,3,0.852444
51,1179,4,0.876211
51,1320,5,0.895744
51,1451,6,0.903962
8,643,1,0.545269
8,954,2,0.684699
8,1193,3,0.72221
8,1413,4,0.776957
8,1605,5,0.826235
8,1771,6,0.854972
8,1923,7,0.869594
8,2067,8,0.88581
8,2203,9,0.889732
8,2337,10,0.898638
8,2466,11,0.907436
51,643,1,0.759733
51,844,2,0.79533
51,1026,3,0.852444
51,1179,4,0.876211
51,1320,5,0.895744
51,1451,6,0.903962
8,711,1,0.604139
8,1032,2,0.700883
8,1298,3,0.730507
8,1547,4,0.820414
8,1745,5,0.84444
8,1929,6,0.869594
8,2099,7,0.882544
8,2262,8,0.892027
8,2419,9,0.898638
8,2573,10,0.917695
8,2716,11,0.927543
51,711,1,0.792597
51,925,2,0.820114
51,1123,3,0.866959
51,1295,4,0.895744
51,1450,5,0.903962
51,1601,6,0.90953
51,1748,7,0.91461
51,1893,8,0.933668
8,711,1,0.604139
8,1032,2,0.700883
8,1298,3,0.730507
8,1547,4,0.820414
8,1745,5,0.84444
8,1929,6,0.869594
8,2099,7,0.882544
8,2262,8,0.892027
8,2419,9,0.898638
8,2573,10,0.917695
8,2716,11,0.927543
51,711,1,0.792597
51,925,2,0.820114
51,1123,3,0.866959
51,1295,4,0.895744
51,1450,5,0.903962
51,1601,6,0.90953
51,1748,7,0.91461
51,1893,8,0.933668
8,711,1,0.604139
8,1032,2,0.700883
8,1298,3,0.730507
8,1547,4,0.820414
8,1745,5,0.84444
8,1929,6,0.869594
8,2099,7,0.882544
8,2262,8,0.892027
8,2419,9,0.898638
8,2573,10,0.917695
8,2716,11,0.927543
51,711,1,0.792597
51,925,2,0.820114
51,1123,3,0.866959
51,1295,4,0.895744
51,1450,5,0.903962
51,1601,6,0.90953
51,1748,7,0.91461
51,1893,8,0.933668
8,801,1,0.641588
8,1152,2,0.721607
8,1451,3,0.797314
8,1702,4,0.841338
8,1925,5,0.869594
8,2130,6,0.882544
8,2326,7,0.897107
8,2513,8,0.910049
8,2692,9,0.927543
8,2859,10,0.931687
8,3024,11,0.931687
8,3189,12,0.938089
8,3350,13,0.942779
51,801,1,0.791351
51,1056,2,0.856548
51,1269,3,0.889853
51,1461,4,0.903027
51,1644,5,0.91461
51,1820,6,0.926021
51,1988,7,0.937997
51,2149,8,0.942141
8,801,1,0.641588
8,1152,2,0.721607
8,1451,3,0.797314
8,1702,4,0.841338
8,1925,5,0.869594
8,2130,6,0.882544
8,2326,7,0.897107
8,2513,8,0.910049
8,2692,9,0.927543
8,2859,10,0.931687
8,3024,11,0.931687
8,3189,12,0.938089
8,3350,13,0.942779
51,801,1,0.791351
51,1056,2,0.856548
51,1269,3,0.889853
51,1461,4,0.903027
51,1644,5,0.91461
51,1820,6,0.926021
51,1988,7,0.937997
51,2149,8,0.942141
8,801,1,0.641588
8,1152,2,0.721607
8,1451,3,0.797314
8,1702,4,0.841338
8,1925,5,0.869594
8,2130,6,0.882544
8,2326,7,0.897107
8,2513,8,0.910049
8,2692,9,0.927543
8,2859,10,0.931687
8,3024,11,0.931687
8,3189,12,0.938089
8,3350,13,0.942779
51,801,1,0.791351
51,1056,2,0.856548
51,1269,3,0.889853
51,1461,4,0.903027
51,1644,5,0.91461
51,1820,6,0.926021
51,1988,7,0.937997
51,2149,8,0.942141
8,926,1,0.68518
8,1314,2,0.746088
8,1657,3,0.839726
8,1931,4,0.869594
8,2182,5,0.885787
8,2421,6,0.898638
8,2651,7,0.923214
8,2863,8,0.931687
8,3068,9,0.931687
8,3273,10,0.942779
8,3470,11,0.948865
8,3663,12,0.954039
8,3852,13,0.954039
8,4041,14,0.956213
8,4228,15,0.965108
51,926,1,0.830198
51,1207,2,0.883388
51,1448,3,0.903962
51,1674,4,0.91461
51,1892,5,0.933668
51,2096,6,0.942141
51,2294,7,0.948543
51,2487,8,0.955498
51,2675,9,0.960672
8,926,1,0.68518
8,1314,2,0.746088
8,1657,3,0.839726
8,1931,4,0.869594
8,2182,5,0.885787
8,2421,6,0.898638
8,2651,7,0.923214
8,2863,8,0.931687
8,3068,9,0.931687
8,3273,10,0.942779
8,3470,11,0.948865
8,3663,12,0.954039
8,3852,13,0.954039
8,4041,14,0.956213
8,4228,15,0.965108
51,926,1,0.830198
51,1207,2,0.883388
51,1448,3,0.903962
51,1674,4,0.91461
51,1892,5,0.933668
51,2096,6,0.942141
51,2294,7,0.948543
51,2487,8,0.955498
51,2675,9,0.960672
8,926,1,0.68518
8,1314,2,0.746088
8,1657,3,0.839726
8,1931,4,0.869594
8,2182,5,0.885787
8,2421,6,0.898638
8,2651,7,0.923214
8,2863,8,0.931687
8,3068,9,0.931687
8,3273,10,0.942779
8,3470,11,0.948865
8,3663,12,0.954039
8,3852,13,0.954039
8,4041,14,0.956213
8,4228,15,0.965108
51,926,1,0.830198
51,1207,2,0.883388
51,1448,3,0.903962
51,1674,4,0.91461
51,1892,5,0.933668
51,2096,6,0.942141
51,2294,7,0.948543
51,2487,8,0.955498
51,2675,9,0.960672
8,1124,1,0.723356
8,1579,2,0.826235
8,1942,3,0.869594
8,2266,4,0.892027
8,2570,5,0.917695
8,2851,6,0.931687
8,3119,7,0.938089
8,3381,8,0.942779
8,3639,9,0.954039
8,3887,10,0.954039
8,4135,11,0.959626
8,4378,12,0.965108
8,4616,13,0.971689
8,4848,14,0.971689
8,5080,15,0.974151
8,5310,16,0.974151
8,5540,17,0.974151
8,5770,18,0.974151
8,6000,19,0.974151
8,6230,20,0.974151
8,6460,21,0.974151
8,6690,22,0.974151
8,6920,23,0.974151
8,7150,24,0.974151
8,7380,25,0.976053
8,7608,26,0.976053
8,7836,27,0.976053
8,8064,28,0.976053
8,8292,29,0.976053
8,8520,30,0.976053
8,8748,31,0.976053
8,8976,32,0.976053
8,9204,33,0.976053
8,9432,34,0.976053
8,9660,35,0.976053
8,9888,36,0.979771
8,10113,37,0.979771
8,10338,38,0.979771
8,10563,39,0.979771
8,10788,40,0.979771
8,11013,41,0.979771
8,11238,42,0.979771
8,11463,43,0.979771
8,11688,44,0.979771
8,11913,45,0.979771
8,12138,46,0.979771
8,12363,47,0.979771
51,1124,1,0.866959
51,1450,2,0.903962
51,1743,3,0.91461
51,2026,4,0.942141
51,2285,5,0.948543
51,2538,6,0.960672
51,2780,7,0.960672
51,3022,8,0.964085
51,3261,9,0.969567
51,3495,10,0.972531
51,3726,11,0.974994
51,3955,12,0.974994
51,4184,13,0.974994
51,4413,14,0.974994
51,4642,15,0.974994
51,4871,16,0.974994
51,5100,17,0.974994
51,5329,18,0.974994
51,5558,19,0.974994
51,5787,20,0.974994
51,6016,21,0.974994
51,6245,22,0.974994
51,6474,23,0.974994
51,6703,24,0.974994
51,6932,25,0.974994
51,7161,26,0.974994
51,7390,27,0.976895
51,7617,28,0.976895
51,7844,29,0.976895
51,8071,30,0.976895
51,8298,31,0.976895
8,1124,1,0.723356
8,1579,2,0.826235
8,1942,3,0.869594
8,2266,4,0.892027
8,2570,5,0.917695
8,2851,6,0.931687
8,3119,7,0.938089
8,3381,8,0.942779
8,3639,9,0.954039
8,3887,10,0.954039
8,4135,11,0.959626
8,4378,12,0.965108
8,4616,13,0.971689
8,4848,14,0.971689
8,5080,15,0.974151
8,5310,16,0.974151
8,5540,17,0.974151
8,5770,18,0.974151
8,6000,19,0.974151
8,6230,20,0.974151
8,6460,21,0.974151
8,6690,22,0.974151
8,6920,23,0.974151
8,7150,24,0.974151
8,7380,25,0.976053
8,7608,26,0.976053
8,7836,27,0.976053
8,8064,28,0.976053
8,8292,29,0.976053
8,8520,30,0.976053
8,8748,31,0.976053
8,8976,32,0.976053
8,9204,33,0.976053
8,9432,34,0.976053
8,9660,35,0.976053
8,9888,36,0.979771
8,10113,37,0.979771
8,10338,38,0.979771
8,10563,39,0.979771
8,10788,40,0.979771
8,11013,41,0.979771
8,11238,42,0.979771
8,11463,43,0.979771
8,11688,44,0.979771
8,11913,45,0.979771
8,12138,46,0.979771
8,12363,47,0.979771
51,1124,1,0.866959
51,1450,2,0.903962
51,1743,3,0.91461
51,2026,4,0.942141
51,2285,5,0.948543
51,2538,6,0.960672
51,2780,7,0.960672
51,3022,8,0.964085
51,3261,9,0.969567
51,3495,10,0.972531
51,3726,11,0.974994
51,3955,12,0.974994
51,4184,13,0.974994
51,4413,14,0.974994
51,4642,15,0.974994
51,4871,16,0.974994
51,5100,17,0.974994
51,5329,18,0.974994
51,5558,19,0.974994
51,5787,20,0.974994
51,6016,21,0.974994
51,6245,22,0.974994
51,6474,23,0.974994
51,6703,24,0.974994
51,6932,25,0.974994
51,7161,26,0.974994
51,7390,27,0.976895
51,7617,28,0.976895
51,7844,29,0.976895
51,8071,30,0.976895
51,8298,31,0.976895
8,1124,1,0.723356
8,1579,2,0.826235
8,1942,3,0.869594
8,2266,4,0.892027
8,2570,5,0.917695
8,2851,6,0.931687
8,3119,7,0.938089
8,3381,8,0.942779
8,3639,9,0.954039
8,3887,10,0.954039
8,4135,11,0.959626
8,4378,12,0.965108
8,4616,13,0.971689
8,4848,14,0.971689
8,5080,15,0.974151
8,5310,16,0.974151
8,5540,17,0.974151
8,5770,18,0.974151
8,6000,19,0.974151
8,6230,20,0.974151
8,6460,21,0.974151
8,6690,22,0.974151
8,6920,23,0.974151
8,7150,24,0.974151
8,7380,25,0.976053
8,7608,26,0.976053
8,7836,27,0.976053
8,8064,28,0.976053
8,8292,29,0.976053
8,8520,30,0.976053
8,8748,31,0.976053
8,8976,32,0.976053
8,9204,33,0.976053
8,9432,34,0.976053
8,9660,35,0.976053
8,9888,36,0.979771
8,10113,37,0.979771
8,10338,38,0.979771
8,10563,39,0.979771
8,10788,40,0.979771
8,11013,41,0.979771
8,11238,42,0.979771
8,11463,43,0.979771
8,11688,44,0.979771
8,11913,45,0.979771
8,12138,46,0.979771
8,12363,47,0.979771
51,1124,1,0.866959
51,1450,2,0.903962
51,1743,3,0.91461
51,2026,4,0.942141
51,2285,5,0.948543
51,2538,6,0.960672
51,2780,7,0.960672
51,3022,8,0.964085
51,3261,9,0.969567
51,3495,10,0.972531
51,3726,11,0.974994
51,3955,12,0.974994
51,4184,13,0.974994
51,4413,14,0.974994
51,4642,15,0.974994
51,4871,16,0.974994
51,5100,17,0.974994
51,5329,18,0.974994
51,5558,19,0.974994
51,5787,20,0.974994
51,6016,21,0.974994
51,6245,22,0.974994
51,6474,23,0.974994
51,6703,24,0.974994
51,6932,25,0.974994
51,7161,26,0.974994
51,7390,27,0.976895
51,7617,28,0.976895
51,7844,29,0.976895
51,8071,30,0.976895
51,8298,31,0.976895
8,260,1,0.608466
8,372,2,0.677174
8,470,3,0.671875
8,569,4,0.745932
8,653,5,0.821243
8,721,6,0.833338
8,786,7,0.841895
8,850,8,0.843851
8,913,9,0.840324
8,977,10,0.841903
8,1041,11,0.847146
8,1103,12,0.848853
8,1165,13,0.850468
8,1227,14,0.852449
8,1288,15,0.847409
8,1350,16,0.847409
8,1412,17,0.853279
8,1473,18,0.853279
8,1534,19,0.853279
8,1595,20,0.853279
8,1656,21,0.853279
8,1717,22,0.853279
8,1778,23,0.853279
8,1839,24,0.853279
8,1900,25,0.855432
8,1961,26,0.855432
8,2022,27,0.855432
8,2083,28,0.855432
8,2144,29,0.855432
8,2205,30,0.855432
8,2266,31,0.855432
8,2327,32,0.855432
8,2388,33,0.855432
8,2449,34,0.839162
8,2513,35,0.842983
8,2576,36,0.85655
8,2637,37,0.85655
8,2698,38,0.85655
8,2759,39,0.85655
8,2820,40,0.85655
8,2881,41,0.85655
8,2942,42,0.85655
8,3003,43,0.85655
8,3064,44,0.85655
8,3125,45,0.85655
8,3186,46,0.85655
8,3247,47,0.85655
8,3308,48,0.85655
8,3369,49,0.85655
8,3430,50,0.85655
8,3491,51,0.85655
8,3552,52,0.85655
8,3613,53,0.85655
8,3674,54,0.85655
8,3735,55,0.85655
8,3796,56,0.85655
8,3857,57,0.85655
8,3918,58,0.85655
8,3979,59,0.85655
8,4040,60,0.85655
8,4101,61,0.85655
8,4162,62,0.85655
8,4223,63,0.85655
8,4284,64,0.85655
8,4345,65,0.85655
8,4406,66,0.85655
8,4467,67,0.85655
8,4528,68,0.85655
8,4589,69,0.85655
8,4650,70,0.85655
8,4711,71,0.85655
8,4772,72,0.85655
8,4833,73,0.85655
8,4894,74,0.85655
8,4955,75,0.85655
8,5016,76,0.85655
8,5077,77,0.860207
8,5137,78,0.860207
8,5197,79,0.860207
8,5257,80,0.860207
8,5317,81,0.860207
8,5377,82,0.862652
8,5436,83,0.862652
8,5495,84,0.886939
8,5549,85,0.886939
8,5603,86,0.886939
8,5657,87,0.886939
8,5711,88,0.886939
51,260,1,0.847273
51,322,2,0.905653
8,260,1,0.608466
8,372,2,0.677174
8,470,3,0.671875
8,569,4,0.745932
8,653,5,0.821243
8,721,6,0.833338
8,786,7,0.841895
8,850,8,0.843851
8,913,9,0.840324
8,977,10,0.841903
8,1041,11,0.847146
8,1103,12,0.848853
8,1165,13,0.850468
8,1227,14,0.852449
8,1288,15,0.847409
8,1350,16,0.847409
8,1412,17,0.853279
8,1473,18,0.853279
8,1534,19,0.853279
8,1595,20,0.853279
8,1656,21,0.853279
8,1717,22,0.853279
8,1778,23,0.853279
8,1839,24,0.853279
8,1900,25,0.855432
8,1961,26,0.855432
8,2022,27,0.855432
8,2083,28,0.855432
8,2144,29,0.855432
8,2205,30,0.855432
8,2266,31,0.855432
8,2327,32,0.855432
8,2388,33,0.855432
8,2449,34,0.839162
8,2513,35,0.842983
8,2576,36,0.85655
8,2637,37,0.85655
8,2698,38,0.85655
8,2759,39,0.85655
8,2820,40,0.85655
8,2881,41,0.85655
8,2942,42,0.85655
8,3003,43,0.85655
8,3064,44,0.85655
8,3125,45,0.85655
8,3186,46,0.85655
8,3247,47,0.85655
8,3308,48,0.85655
8,3369,49,0.85655
8,3430,50,0.85655
8,3491,51,0.85655
8,3552,52,0.85655
8,3613,53,0.85655
8,3674,54,0.85655
8,3735,55,0.85655
8,3796,56,0.85655
8,3857,57,0.85655
8,3918,58,0.85655
8,3979,59,0.85655
8,4040,60,0.85655
8,4101,61,0.85655
8,4162,62,0.85655
8,4223,63,0.85655
8,4284,64,0.85655
8,4345,65,0.85655
8,4406,66,0.85655
8,4467,67,0.85655
8,4528,68,0.85655
8,4589,69,0.85655
8,4650,70,0.85655
8,4711,71,0.85655
8,4772,72,0.85655
8,4833,73,0.85655
8,4894,74,0.85655
8,4955,75,0.85655
8,5016,76,0.85655
8,5077,77,0.860207
8,5137,78,0.860207
8,5197,79,0.860207
8,5257,80,0.860207
8,5317,81,0.860207
8,5377,82,0.862652
8,5436,83,0.862652
8,5495,84,0.886939
8,5549,85,0.886939
8,5603,86,0.886939
8,5657,87,0.886939
8,5711,88,0.886939
51,260,1,0.847273
51,322,2,0.905653
8,260,1,0.608466
8,372,2,0.677174
8,470,3,0.671875
8,569,4,0.745932
8,653,5,0.821243
8,721,6,0.833338
8,786,7,0.841895
8,850,8,0.843851
8,913,9,0.840324
8,977,10,0.841903
8,1041,11,0.847146
8,1103,12,0.848853
8,1165,13,0.850468
8,1227,14,0.852449
8,1288,15,0.847409
8,1350,16,0.847409
8,1412,17,0.853279
8,1473,18,0.853279
8,1534,19,0.853279
8,1595,20,0.853279
8,1656,21,0.853279
8,1717,22,0.853279
8,1778,23,0.853279
8,1839,24,0.853279
8,1900,25,0.855432
8,1961,26,0.855432
8,2022,27,0.855432
8,2083,28,0.855432
8,2144,29,0.855432
8,2205,30,0.855432
8,2266,31,0.855432
8,2327,32,0.855432
8,2388,33,0.855432
8,2449,34,0.839162
8,2513,35,0.842983
8,2576,36,0.85655
8,2637,37,0.85655
8,2698,38,0.85655
8,2759,39,0.85655
8,2820,40,0.85655
8,2881,41,0.85655
8,2942,42,0.85655
8,3003,43,0.85655
8,3064,44,0.85655
8,3125,45,0.85655
8,3186,46,0.85655
8,3247,47,0.85655
8,3308,48,0.85655
8,3369,49,0.85655
8,3430,50,0.85655
8,3491,51,0.85655
8,3552,52,0.85655
8,3613,53,0.85655
8,3674,54,0.85655
8,3735,55,0.85655
8,3796,56,0.85655
8,3857,57,0.85655
8,3918,58,0.85655
8,3979,59,0.85655
8,4040,60,0.85655
8,4101,61,0.85655
8,4162,62,0.85655
8,4223,63,0.85655
8,4284,64,0.85655
8,4345,65,0.85655
8,4406,66,0.85655
8,4467,67,0.85655
8,4528,68,0.85655
8,4589,69,0.85655
8,4650,70,0.85655
8,4711,71,0.85655
8,4772,72,0.85655
8,4833,73,0.85655
8,4894,74,0.85655
8,4955,75,0.85655
8,5016,76,0.85655
8,5077,77,0.860207
8,5137,78,0.860207
8,5197,79,0.860207
8,5257,80,0.860207
8,5317,81,0.860207
8,5377,82,0.862652
8,5436,83,0.862652
8,5495,84,0.886939
8,5549,85,0.886939
8,5603,86,0.886939
8,5657,87,0.886939
8,5711,88,0.886939
51,260,1,0.847273
51,322,2,0.905653
8,275,1,0.629191
8,394,2,0.690318
8,500,3,0.671504
8,610,4,0.766845
8,699,5,0.837447
8,773,6,0.823396
8,850,7,0.843851
8,922,8,0.844522
8,994,9,0.841903
8,1067,10,0.847146
8,1138,11,0.848853
8,1209,12,0.852449
8,1279,13,0.84665
8,1351,14,0.847409
8,1422,15,0.853279
8,1492,16,0.853279
8,1562,17,0.853279
8,1632,18,0.853279
8,1702,19,0.853279
8,1772,20,0.853279
8,1842,21,0.853279
8,1912,22,0.855432
8,1982,23,0.855432
8,2052,24,0.855432
8,2122,25,0.855432
8,2192,26,0.855432
8,2262,27,0.855432
8,2332,28,0.855432
8,2402,29,0.855432
8,2472,30,0.842983
8,2544,31,0.842983
8,2616,32,0.85655
8,2685,33,0.85655
8,2754,34,0.85655
8,2823,35,0.85655
8,2892,36,0.85655
8,2961,37,0.85655
8,3030,38,0.85655
8,3099,39,0.85655
8,3168,40,0.85655
8,3237,41,0.85655
8,3306,42,0.85655
8,3375,43,0.85655
8,3444,44,0.85655
8,3513,45,0.85655
8,3582,46,0.85655
8,3651,47,0.85655
8,3720,48,0.85655
8,3789,49,0.85655
8,3858,50,0.85655
8,3927,51,0.85655
8,3996,52,0.85655
8,4065,53,0.85655
8,4134,54,0.85655
8,4203,55,0.85655
8,4272,56,0.85655
8,4341,57,0.85655
8,4410,58,0.85655
8,4479,59,0.85655
8,4548,60,0.85655
8,4617,61,0.85655
8,4686,62,0.85655
8,4755,63,0.85655
8,4824,64,0.85655
8,4893,65,0.85655
8,4962,66,0.85655
8,5031,67,0.860207
8,5100,68,0.860207
8,5169,69,0.860207
8,5238,70,0.860207
8,5307,71,0.860207
8,5376,72,0.862652
8,5444,73,0.862652
8,5512,74,0.886939
8,5575,75,0.886939
8,5638,76,0.886939
8,5701,77,0.886939
51,275,1,0.853761
51,345,2,0.918092
51,401,3,0.957817
8,275,1,0.629191
8,394,2,0.690318
8,500,3,0.671504
8,610,4,0.766845
8,699,5,0.837447
8,773,6,0.823396
8,850,7,0.843851
8,922,8,0.844522
8,994,9,0.841903
8,1067,10,0.847146
8,1138,11,0.848853
8,1209,12,0.852449
8,1279,13,0.84665
8,1351,14,0.847409
8,1422,15,0.853279
8,1492,16,0.853279
8,1562,17,0.853279
8,1632,18,0.853279
8,1702,19,0.853279
8,1772,20,0.853279
8,1842,21,0.853279
8,1912,22,0.855432
8,1982,23,0.855432
8,2052,24,0.855432
8,2122,25,0.855432
8,2192,26,0.855432
8,2262,27,0.855432
8,2332,28,0.855432
8,2402,29,0.855432
8,2472,30,0.842983
8,2544,31,0.842983
8,2616,32,0.85655
8,2685,33,0.85655
8,2754,34,0.85655
8,2823,35,0.85655
8,2892,36,0.85655
8,2961,37,0.85655
8,3030,38,0.85655
8,3099,39,0.85655
8,3168,40,0.85655
8,3237,41,0.85655
8,3306,42,0.85655
8,3375,43,0.85655
8,3444,44,0.85655
8,3513,45,0.85655
8,3582,46,0.85655
8,3651,47,0.85655
8,3720,48,0.85655
8,3789,49,0.85655
8,3858,50,0.85655
8,3927,51,0.85655
8,3996,52,0.85655
8,4065,53,0.85655
8,4134,54,0.85655
8,4203,55,0.85655
8,4272,56,0.85655
8,4341,57,0.85655
8,4410,58,0.85655
8,4479,59,0.85655
8,4548,60,0.85655
8,4617,61,0.85655
8,4686,62,0.85655
8,4755,63,0.85655
8,4824,64,0.85655
8,4893,65,0.85655
8,4962,66,0.85655
8,5031,67,0.860207
8,5100,68,0.860207
8,5169,69,0.860207
8,5238,70,0.860207
8,5307,71,0.860207
8,5376,72,0.862652
8,5444,73,0.862652
8,5512,74,0.886939
8,5575,75,0.886939
8,5638,76,0.886939
8,5701,77,0.886939
51,275,1,0.853761
51,345,2,0.918092
51,401,3,0.957817
8,275,1,0.629191
8,394,2,0.690318
8,500,3,0.671504
8,610,4,0.766845
8,699,5,0.837447
8,773,6,0.823396
8,850,7,0.843851
8,922,8,0.844522
8,994,9,0.841903
8,1067,10,0.847146
8,1138,11,0.848853
8,1209,12,0.852449
8,1279,13,0.84665
8,1351,14,0.847409
8,1422,15,0.853279
8,1492,16,0.853279
8,1562,17,0.853279
8,1632,18,0.853279
8,1702,19,0.853279
8,1772,20,0.853279
8,1842,21,0.853279
8,1912,22,0.855432
8,1982,23,0.855432
8,2052,24,0.855432
8,2122,25,0.855432
8,2192,26,0.855432
8,2262,27,0.855432
8,2332,28,0.855432
8,2402,29,0.855432
8,2472,30,0.842983
8,2544,31,0.842983
8,2616,32,0.85655
8,2685,33,0.85655
8,2754,34,0.85655
8,2823,35,0.85655
8,2892,36,0.85655
8,2961,37,0.85655
8,3030,38,0.85655
8,3099,39,0.85655
8,3168,40,0.85655
8,3237,41,0.85655
8,3306,42,0.85655
8,3375,43,0.85655
8,3444,44,0.85655
8,3513,45,0.85655
8,3582,46,0.85655
8,3651,47,0.85655
8,3720,48,0.85655
8,3789,49,0.85655
8,3858,50,0.85655
8,3927,51,0.85655
8,3996,52,0.85655
8,4065,53,0.85655
8,4134,54,0.85655
8,4203,55,0.85655
8,4272,56,0.85655
8,4341,57,0.85655
8,4410,58,0.85655
8,4479,59,0.85655
8,4548,60,0.85655
8,4617,61,0.85655
8,4686,62,0.85655
8,4755,63,0.85655
8,4824,64,0.85655
8,4893,65,0.85655
8,4962,66,0.85655
8,5031,67,0.860207
8,5100,68,0.860207
8,5169,69,0.860207
8,5238,70,0.860207
8,5307,71,0.860207
8,5376,72,0.862652
8,5444,73,0.862652
8,5512,74,0.886939
8,5575,75,0.886939
8,5638,76,0.886939
8,5701,77,0.886939
51,275,1,0.853761
51,345,2,0.918092
51,401,3,0.957817
8,296,1,0.64007
8,426,2,0.671579
8,548,3,0.717544
8,659,4,0.821243
8,746,5,0.841027
8,828,6,0.843851
8,909,7,0.840324
8,991,8,0.841903
8,1073,9,0.847146
8,1154,10,0.850468
8,1234,11,0.852449
8,1313,12,0.847409
8,1393,13,0.853279
8,1472,14,0.853279
8,1551,15,0.853279
8,1630,16,0.853279
8,1709,17,0.853279
8,1788,18,0.853279
8,1867,19,0.847368
8,1947,20,0.855432
8,2026,21,0.855432
8,2105,22,0.855432
8,2184,23,0.855432
8,2263,24,0.855432
8,2342,25,0.855432
8,2421,26,0.839162
8,2503,27,0.842983
8,2584,28,0.85655
8,2662,29,0.85655
8,2740,30,0.85655
8,2818,31,0.85655
8,2896,32,0.85655
8,2974,33,0.85655
8,3052,34,0.85655
8,3130,35,0.85655
8,3208,36,0.85655
8,3286,37,0.85655
8,3364,38,0.85655
8,3442,39,0.85655
8,3520,40,0.85655
8,3598,41,0.85655
8,3676,42,0.85655
8,3754,43,0.85655
8,3832,44,0.85655
8,3910,45,0.85655
8,3988,46,0.85655
8,4066,47,0.85655
8,4144,48,0.85655
8,4222,49,0.85655
8,4300,50,0.85655
8,4378,51,0.85655
8,4456,52,0.85655
8,4534,53,0.85655
8,4612,54,0.85655
8,4690,55,0.85655
8,4768,56,0.85655
8,4846,57,0.85655
8,4924,58,0.85655
8,5002,59,0.85655
8,5080,60,0.860207
8,5157,61,0.860207
8,5234,62,0.860207
8,5311,63,0.860207
8,5388,64,0.862652
8,5465,65,0.886939
8,5536,66,0.886939
8,5607,67,0.886939
8,5678,68,0.886939
51,296,1,0.877298
51,369,2,0.937905
51,428,3,0.977782
8,296,1,0.64007
8,426,2,0.671579
8,548,3,0.717544
8,659,4,0.821243
8,746,5,0.841027
8,828,6,0.843851
8,909,7,0.840324
8,991,8,0.841903
8,1073,9,0.847146
8,1154,10,0.850468
8,1234,11,0.852449
8,1313,12,0.847409
8,1393,13,0.853279
8,1472,14,0.853279
8,1551,15,0.853279
8,1630,16,0.853279
8,1709,17,0.853279
8,1788,18,0.853279
8,1867,19,0.847368
8,1947,20,0.855432
8,2026,21,0.855432
8,2105,22,0.855432
8,2184,23,0.855432
8,2263,24,0.855432
8,2342,25,0.855432
8,2421,26,0.839162
8,2503,27,0.842983
8,2584,28,0.85655
8,2662,29,0.85655
8,2740,30,0.85655
8,2818,31,0.85655
8,2896,32,0.85655
8,2974,33,0.85655
8,3052,34,0.85655
8,3130,35,0.85655
8,3208,36,0.85655
8,3286,37,0.85655
8,3364,38,0.85655
8,3442,39,0.85655
8,3520,40,0.85655
8,3598,41,0.85655
8,3676,42,0.85655
8,3754,43,0.85655
8,3832,44,0.85655
8,3910,45,0.85655
8,3988,46,0.85655
8,4066,47,0.85655
8,4144,48,0.85655
8,4222,49,0.85655
8,4300,50,0.85655
8,4378,51,0.85655
8,4456,52,0.85655
8,4534,53,0.85655
8,4612,54,0.85655
8,4690,55,0.85655
8,4768,56,0.85655
8,4846,57,0.85655
8,4924,58,0.85655
8,5002,59,0.85655
8,5080,60,0.860207
8,5157,61,0.860207
8,5234,62,0.860207
8,5311,63,0.860207
8,5388,64,0.862652
8,5465,65,0.886939
8,5536,66,0.886939
8,5607,67,0.886939
8,5678,68,0.886939
51,296,1,0.877298
51,369,2,0.937905
51,428,3,0.977782
8,296,1,0.64007
8,426,2,0.671579
8,548,3,0.717544
8,659,4,0.821243
8,746,5,0.841027
8,828,6,0.843851
8,909,7,0.840324
8,991,8,0.841903
8,1073,9,0.847146
8,1154,10,0.850468
8,1234,11,0.852449
8,1313,12,0.847409
8,1393,13,0.853279
8,1472,14,0.853279
8,1551,15,0.853279
8,1630,16,0.853279
8,1709,17,0.853279
8,1788,18,0.853279
8,1867,19,0.847368
8,1947,20,0.855432
8,2026,21,0.855432
8,2105,22,0.855432
8,2184,23,0.855432
8,2263,24,0.855432
8,2342,25,0.855432
8,2421,26,0.839162
8,2503,27,0.842983
8,2584,28,0.85655
8,2662,29,0.85655
8,2740,30,0.85655
8,2818,31,0.85655
8,2896,32,0.85655
8,2974,33,0.85655
8,3052,34,0.85655
8,3130,35,0.85655
8,3208,36,0.85655
8,3286,37,0.85655
8,3364,38,0.85655
8,3442,39,0.85655
8,3520,40,0.85655
8,3598,41,0.85655
8,3676,42,0.85655
8,3754,43,0.85655
8,3832,44,0.85655
8,3910,45,0.85655
8,3988,46,0.85655
8,4066,47,0.85655
8,4144,48,0.85655
8,4222,49,0.85655
8,4300,50,0.85655
8,4378,51,0.85655
8,4456,52,0.85655
8,4534,53,0.85655
8,4612,54,0.85655
8,4690,55,0.85655
8,4768,56,0.85655
8,4846,57,0.85655
8,4924,58,0.85655
8,5002,59,0.85655
8,5080,60,0.860207
8,5157,61,0.860207
8,5234,62,0.860207
8,5311,63,0.860207
8,5388,64,0.862652
8,5465,65,0.886939
8,5536,66,0.886939
8,5607,67,0.886939
8,5678,68,0.886939
51,296,1,0.877298
51,369,2,0.937905
51,428,3,0.977782
8,324,1,0.652048
8,468,2,0.683271
8,604,3,0.747347
8,724,4,0.833338
8,821,5,0.835045
8,918,6,0.844522
8,1012,7,0.847146
8,1106,8,0.848853
8,1199,9,0.852449
8,1291,10,0.847409
8,1385,11,0.850457
8,1478,12,0.853279
8,1570,13,0.853279
8,1662,14,0.853279
8,1754,15,0.853279
8,1846,16,0.853279
8,1938,17,0.855432
8,2030,18,0.855432
8,2122,19,0.855432
8,2214,20,0.855432
8,2306,21,0.855432
8,2398,22,0.855432
8,2490,23,0.842983
8,2585,24,0.85655
8,2676,25,0.85655
8,2767,26,0.85655
8,2858,27,0.85655
8,2949,28,0.85655
8,3040,29,0.85655
8,3131,30,0.85655
8,3222,31,0.85655
8,3313,32,0.85655
8,3404,33,0.85655
8,3495,34,0.85655
8,3586,35,0.85655
8,3677,36,0.85655
8,3768,37,0.85655
8,3859,38,0.85655
8,3950,39,0.85655
8,4041,40,0.85655
8,4132,41,0.85655
8,4223,42,0.85655
8,4314,43,0.85655
8,4405,44,0.85655
8,4496,45,0.85655
8,4587,46,0.85655
8,4678,47,0.85655
8,4769,48,0.85655
8,4860,49,0.85655
8,4951,50,0.85655
8,5042,51,0.860207
8,5132,52,0.860207
8,5222,53,0.860207
8,5312,54,0.860207
8,5402,55,0.862652
8,5492,56,0.886939
8,5575,57,0.886939
8,5658,58,0.886939
8,5741,59,0.886939
51,324,1,0.905653
51,403,2,0.957817
51,468,3,0.98018
8,324,1,0.652048
8,468,2,0.683271
8,604,3,0.747347
8,724,4,0.833338
8,821,5,0.835045
8,918,6,0.844522
8,1012,7,0.847146
8,1106,8,0.848853
8,1199,9,0.852449
8,1291,10,0.847409
8,1385,11,0.850457
8,1478,12,0.853279
8,1570,13,0.853279
8,1662,14,0.853279
8,1754,15,0.853279
8,1846,16,0.853279
8,1938,17,0.855432
8,2030,18,0.855432
8,2122,19,0.855432
8,2214,20,0.855432
8,2306,21,0.855432
8,2398,22,0.855432
8,2490,23,0.842983
8,2585,24,0.85655
8,2676,25,0.85655
8,2767,26,0.85655
8,2858,27,0.85655
8,2949,28,0.85655
8,3040,29,0.85655
8,3131,30,0.85655
8,3222,31,0.85655
8,3313,32,0.85655
8,3404,33,0.85655
8,3495,34,0.85655
8,3586,35,0.85655
8,3677,36,0.85655
8,3768,37,0.85655
8,3859,38,0.85655
8,3950,39,0.85655
8,4041,40,0.85655
8,4132,41,0.85655
8,4223,42,0.85655
8,4314,43,0.85655
8,4405,44,0.85655
8,4496,45,0.85655
8,4587,46,0.85655
8,4678,47,0.85655
8,4769,48,0.85655
8,4860,49,0.85655
8,4951,50,0.85655
8,5042,51,0.860207
8,5132,52,0.860207
8,5222,53,0.860207
8,5312,54,0.860207
8,5402,55,0.862652
8,5492,56,0.886939
8,5575,57,0.886939
8,5658,58,0.886939
8,5741,59,0.886939
51,324,1,0.905653
51,403,2,0.957817
51,468,3,0.98018
8,324,1,0.652048
8,468,2,0.683271
8,604,3,0.747347
8,724,4,0.833338
8,821,5,0.835045
8,918,6,0.844522
8,1012,7,0.847146
8,1106,8,0.848853
8,1199,9,0.852449
8,1291,10,0.847409
8,1385,11,0.850457
8,1478,12,0.853279
8,1570,13,0.853279
8,1662,14,0.853279
8,1754,15,0.853279
8,1846,16,0.853279
8,1938,17,0.855432
8,2030,18,0.855432
8,2122,19,0.855432
8,2214,20,0.855432
8,2306,21,0.855432
8,2398,22,0.855432
8,2490,23,0.842983
8,2585,24,0.85655
8,2676,25,0.85655
8,2767,26,0.85655
8,2858,27,0.85655
8,2949,28,0.85655
8,3040,29,0.85655
8,3131,30,0.85655
8,3222,31,0.85655
8,3313,32,0.85655
8,3404,33,0.85655
8,3495,34,0.85655
8,3586,35,0.85655
8,3677,36,0.85655
8,3768,37,0.85655
8,3859,38,0.85655
8,3950,39,0.85655
8,4041,40,0.85655
8,4132,41,0.85655
8,4223,42,0.85655
8,4314,43,0.85655
8,4405,44,0.85655
8,4496,45,0.85655
8,4587,46,0.85655
8,4678,47,0.85655
8,4769,48,0.85655
8,4860,49,0.85655
8,4951,50,0.85655
8,5042,51,0.860207
8,5132,52,0.860207
8,5222,53,0.860207
8,5312,54,0.860207
8,5402,55,0.862652
8,5492,56,0.886939
8,5575,57,0.886939
8,5658,58,0.886939
8,5741,59,0.886939
51,324,1,0.905653
51,403,2,0.957817
51,468,3,0.98018
8,371,1,0.677174
8,534,2,0.707394
8,688,3,0.828731
8,806,4,0.841895
8,921,5,0.844522
8,1035,6,0.847146
8,1148,7,0.848853
8,1260,8,0.852449
8,1371,9,0.850457
8,1483,10,0.853279
8,1594,11,0.853279
8,1705,12,0.853279
8,1816,13,0.853279
8,1927,14,0.855432
8,2037,15,0.855432
8,2147,16,0.855432
8,2257,17,0.855432
8,2367,18,0.855432
8,2477,19,0.842983
8,2591,20,0.85655
8,2701,21,0.85655
8,2811,22,0.85655
8,2921,23,0.85655
8,3031,24,0.85655
8,3141,25,0.85655
8,3251,26,0.85655
8,3361,27,0.85655
8,3471,28,0.85655
8,3581,29,0.85655
8,3691,30,0.85655
8,3801,31,0.85655
8,3911,32,0.85655
8,4021,33,0.85655
8,4131,34,0.85655
8,4241,35,0.85655
8,4351,36,0.85655
8,4461,37,0.85655
8,4571,38,0.85655
8,4681,39,0.85655
8,4791,40,0.85655
8,4901,41,0.85655
8,5011,42,0.85655
8,5121,43,0.860207
8,5230,44,0.860207
8,5339,45,0.860207
8,5448,46,0.886939
8,5549,47,0.886939
8,5650,48,0.886939
51,371,1,0.937905
51,457,2,0.977782
51,531,3,0.985526
8,371,1,0.677174
8,534,2,0.707394
8,688,3,0.828731
8,806,4,0.841895
8,921,5,0.844522
8,1035,6,0.847146
8,1148,7,0.848853
8,1260,8,0.852449
8,1371,9,0.850457
8,1483,10,0.853279
8,1594,11,0.853279
8,1705,12,0.853279
8,1816,13,0.853279
8,1927,14,0.855432
8,2037,15,0.855432
8,2147,16,0.855432
8,2257,17,0.855432
8,2367,18,0.855432
8,2477,19,0.842983
8,2591,20,0.85655
8,2701,21,0.85655
8,2811,22,0.85655
8,2921,23,0.85655
8,3031,24,0.85655
8,3141,25,0.85655
8,3251,26,0.85655
8,3361,27,0.85655
8,3471,28,0.85655
8,3581,29,0.85655
8,3691,30,0.85655
8,3801,31,0.85655
8,3911,32,0.85655
8,4021,33,0.85655
8,4131,34,0.85655
8,4241,35,0.85655
8,4351,36,0.85655
8,4461,37,0.85655
8,4571,38,0.85655
8,4681,39,0.85655
8,4791,40,0.85655
8,4901,41,0.85655
8,5011,42,0.85655
8,5121,43,0.860207
8,5230,44,0.860207
8,5339,45,0.860207
8,5448,46,0.886939
8,5549,47,0.886939
8,5650,48,0.886939
51,371,1,0.937905
51,457,2,0.977782
51,531,3,0.985526
8,371,1,0.677174
8,534,2,0.707394
8,688,3,0.828731
8,806,4,0.841895
8,921,5,0.844522
8,1035,6,0.847146
8,1148,7,0.848853
8,1260,8,0.852449
8,1371,9,0.850457
8,1483,10,0.853279
8,1594,11,0.853279
8,1705,12,0.853279
8,1816,13,0.853279
8,1927,14,0.855432
8,2037,15,0.855432
8,2147,16,0.855432
8,2257,17,0.855432
8,2367,18,0.855432
8,2477,19,0.842983
8,2591,20,0.85655
8,2701,21,0.85655
8,2811,22,0.85655
8,2921,23,0.85655
8,3031,24,0.85655
8,3141,25,0.85655
8,3251,26,0.85655
8,3361,27,0.85655
8,3471,28,0.85655
8,3581,29,0.85655
8,3691,30,0.85655
8,3801,31,0.85655
8,3911,32,0.85655
8,4021,33,0.85655
8,4131,34,0.85655
8,4241,35,0.85655
8,4351,36,0.85655
8,4461,37,0.85655
8,4571,38,0.85655
8,4681,39,0.85655
8,4791,40,0.85655
8,4901,41,0.85655
8,5011,42,0.85655
8,5121,43,0.860207
8,5230,44,0.860207
8,5339,45,0.860207
8,5448,46,0.886939
8,5549,47,0.886939
8,5650,48,0.886939
51,371,1,0.937905
51,457,2,0.977782
51,531,3,0.985526
8,2137,1,0.833551
8,2677,2,0.855712
8,3179,3,0.875829
8,3647,4,0.895057
8,4082,5,0.907182
51,2137,1,0.645231
51,2999,2,0.755827
51,3672,3,0.825047
51,4227,4,0.856676
51,4728,5,0.882638
51,5184,6,0.899369
51,5612,7,0.905806
8,2137,1,0.833551
8,2677,2,0.855712
8,3179,3,0.875829
8,3647,4,0.895057
8,4082,5,0.907182
51,2137,1,0.645231
51,2999,2,0.755827
51,3672,3,0.825047
51,4227,4,0.856676
51,4728,5,0.882638
51,5184,6,0.899369
51,5612,7,0.905806
8,2137,1,0.833551
8,2677,2,0.855712
8,3179,3,0.875829
8,3647,4,0.895057
8,4082,5,0.907182
51,2137,1,0.645231
51,2999,2,0.755827
51,3672,3,0.825047
51,4227,4,0.856676
51,4728,5,0.882638
51,5184,6,0.899369
51,5612,7,0.905806
8,2422,1,0.844925
8,3051,2,0.85969
8,3651,3,0.895057
8,4183,4,0.907182
8,4691,5,0.920088
51,2422,1,0.694112
51,3343,2,0.796464
51,4066,3,0.849766
51,4686,4,0.880525
51,5246,5,0.899369
51,5769,6,0.917434
51,6257,7,0.92421
8,2422,1,0.844925
8,3051,2,0.85969
8,3651,3,0.895057
8,4183,4,0.907182
8,4691,5,0.920088
51,2422,1,0.694112
51,3343,2,0.796464
51,4066,3,0.849766
51,4686,4,0.880525
51,5246,5,0.899369
51,5769,6,0.917434
51,6257,7,0.92421
8,2422,1,0.844925
8,3051,2,0.85969
8,3651,3,0.895057
8,4183,4,0.907182
8,4691,5,0.920088
51,2422,1,0.694112
51,3343,2,0.796464
51,4066,3,0.849766
51,4686,4,0.880525
51,5246,5,0.899369
51,5769,6,0.917434
51,6257,7,0.92421
8,2790,1,0.853458
8,3541,2,0.889461
8,4211,3,0.907182
8,4842,4,0.922981
8,5437,5,0.935263
8,6005,6,0.944405
51,2790,1,0.731665
51,3813,2,0.839706
51,4594,3,0.875783
51,5295,4,0.899369
51,5943,5,0.920238
51,6545,6,0.926665
51,7132,7,0.940877
8,2790,1,0.853458
8,3541,2,0.889461
8,4211,3,0.907182
8,4842,4,0.922981
8,5437,5,0.935263
8,6005,6,0.944405
51,2790,1,0.731665
51,3813,2,0.839706
51,4594,3,0.875783
51,5295,4,0.899369
51,5943,5,0.920238
51,6545,6,0.926665
51,7132,7,0.940877
8,2790,1,0.853458
8,3541,2,0.889461
8,4211,3,0.907182
8,4842,4,0.922981
8,5437,5,0.935263
8,6005,6,0.944405
51,2790,1,0.731665
51,3813,2,0.839706
51,4594,3,0.875783
51,5295,4,0.899369
51,5943,5,0.920238
51,6545,6,0.926665
51,7132,7,0.940877
8,3261,1,0.886221
8,4105,2,0.907182
8,4894,3,0.93156
8,5620,4,0.935263
8,6336,5,0.956809
8,6996,6,0.956809
8,7656,7,0.965328
51,3261,1,0.792872
51,4349,2,0.860446
51,5260,3,0.899369
51,6070,4,0.923023
51,6818,5,0.931619
51,7544,6,0.941171
51,8245,7,0.953719
51,8913,8,0.958514
51,9568,9,0.958514
51,10223,10,0.958514
51,10878,11,0.965092
8,3261,1,0.886221
8,4105,2,0.907182
8,4894,3,0.93156
8,5620,4,0.935263
8,6336,5,0.956809
8,6996,6,0.956809
8,7656,7,0.965328
51,3261,1,0.792872
51,4349,2,0.860446
51,5260,3,0.899369
51,6070,4,0.923023
51,6818,5,0.931619
51,7544,6,0.941171
51,8245,7,0.953719
51,8913,8,0.958514
51,9568,9,0.958514
51,10223,10,0.958514
51,10878,11,0.965092
8,3261,1,0.886221
8,4105,2,0.907182
8,4894,3,0.93156
8,5620,4,0.935263
8,6336,5,0.956809
8,6996,6,0.956809
8,7656,7,0.965328
51,3261,1,0.792872
51,4349,2,0.860446
51,5260,3,0.899369
51,6070,4,0.923023
51,6818,5,0.931619
51,7544,6,0.941171
51,8245,7,0.953719
51,8913,8,0.958514
51,9568,9,0.958514
51,10223,10,0.958514
51,10878,11,0.965092
8,3914,1,0.897357
8,4955,2,0.93156
8,5889,3,0.944405
8,6783,4,0.956809
8,7638,5,0.958751
8,8487,6,0.968349
8,9306,7,0.970836
8,10117,8,0.976341
8,10911,9,0.976341
8,11705,10,0.980462
51,3914,1,0.836376
51,5146,2,0.899369
51,6181,3,0.92421
51,7138,4,0.940877
51,8043,5,0.944577
51,8936,6,0.958514
51,9786,7,0.958514
51,10636,8,0.965092
51,11465,9,0.968113
51,12285,10,0.971838
51,13093,11,0.971838
51,13901,12,0.977343
51,14692,13,0.977343
51,15483,14,0.984202
8,3914,1,0.897357
8,4955,2,0.93156
8,5889,3,0.944405
8,6783,4,0.956809
8,7638,5,0.958751
8,8487,6,0.968349
8,9306,7,0.970836
8,10117,8,0.976341
8,10911,9,0.976341
8,11705,10,0.980462
51,3914,1,0.836376
51,5146,2,0.899369
51,6181,3,0.92421
51,7138,4,0.940877
51,8043,5,0.944577
51,8936,6,0.958514
51,9786,7,0.958514
51,10636,8,0.965092
51,11465,9,0.968113
51,12285,10,0.971838
51,13093,11,0.971838
51,13901,12,0.977343
51,14692,13,0.977343
51,15483,14,0.984202
8,3914,1,0.897357
8,4955,2,0.93156
8,5889,3,0.944405
8,6783,4,0.956809
8,7638,5,0.958751
8,8487,6,0.968349
8,9306,7,0.970836
8,10117,8,0.976341
8,10911,9,0.976341
8,11705,10,0.980462
51,3914,1,0.836376
51,5146,2,0.899369
51,6181,3,0.92421
51,7138,4,0.940877
51,8043,5,0.944577
51,8936,6,0.958514
51,9786,7,0.958514
51,10636,8,0.965092
51,11465,9,0.968113
51,12285,10,0.971838
51,13093,11,0.971838
51,13901,12,0.977343
51,14692,13,0.977343
51,15483,14,0.984202
8,804,1,0.768461
8,1049,2,0.817217
8,1263,3,0.860283
8,1449,4,0.872938
8,1627,5,0.886299
8,1796,6,0.898604
8,1957,7,0.904501
51,804,1,0.72543
51,1077,2,0.786894
51,1310,3,0.830372
51,1515,4,0.854406
51,1705,5,0.862335
51,1890,6,0.878034
51,2065,7,0.885318
51,2235,8,0.900396
8,804,1,0.768461
8,1049,2,0.817217
8,1263,3,0.860283
8,1449,4,0.872938
8,1627,5,0.886299
8,1796,6,0.898604
8,1957,7,0.904501
51,804,1,0.72543
51,1077,2,0.786894
51,1310,3,0.830372
51,1515,4,0.854406
51,1705,5,0.862335
51,1890,6,0.878034
51,2065,7,0.885318
51,2235,8,0.900396
8,804,1,0.768461
8,1049,2,0.817217
8,1263,3,0.860283
8,1449,4,0.872938
8,1627,5,0.886299
8,1796,6,0.898604
8,1957,7,0.904501
51,804,1,0.72543
51,1077,2,0.786894
51,1310,3,0.830372
51,1515,4,0.854406
51,1705,5,0.862335
51,1890,6,0.878034
51,2065,7,0.885318
51,2235,8,0.900396
8,924,1,0.77574
8,1215,2,0.845811
8,1454,3,0.872938
8,1673,4,0.896106
8,1875,5,0.904501
8,2071,6,0.904501
8,2267,7,0.916382
8,2454,8,0.92197
51,924,1,0.75447
51,1231,2,0.817986
51,1491,3,0.854406
51,1724,4,0.862335
51,1951,5,0.887841
51,2159,6,0.897911
51,2360,7,0.900396
51,2559,8,0.912277
51,2749,9,0.918136
51,2935,10,0.926247
8,924,1,0.77574
8,1215,2,0.845811
8,1454,3,0.872938
8,1673,4,0.896106
8,1875,5,0.904501
8,2071,6,0.904501
8,2267,7,0.916382
8,2454,8,0.92197
51,924,1,0.75447
51,1231,2,0.817986
51,1491,3,0.854406
51,1724,4,0.862335
51,1951,5,0.887841
51,2159,6,0.897911
51,2360,7,0.900396
51,2559,8,0.912277
51,2749,9,0.918136
51,2935,10,0.926247
8,924,1,0.77574
8,1215,2,0.845811
8,1454,3,0.872938
8,1673,4,0.896106
8,1875,5,0.904501
8,2071,6,0.904501
8,2267,7,0.916382
8,2454,8,0.92197
51,924,1,0.75447
51,1231,2,0.817986
51,1491,3,0.854406
51,1724,4,0.862335
51,1951,5,0.887841
51,2159,6,0.897911
51,2360,7,0.900396
51,2559,8,0.912277
51,2749,9,0.918136
51,2935,10,0.926247
8,1081,1,0.829603
8,1392,2,0.871307
8,1667,3,0.896106
8,1920,4,0.904501
8,2166,5,0.916382
8,2402,6,0.92197
8,2633,7,0.932659
8,2855,8,0.937229
8,3073,9,0.940564
51,1081,1,0.786894
51,1429,2,0.840205
51,1731,3,0.863261
51,2013,4,0.885318
51,2276,5,0.900396
51,2526,6,0.912277
51,2765,7,0.918136
51,2999,8,0.928824
51,3224,9,0.933395
51,3445,10,0.93673
51,3663,11,0.939233
51,3879,12,0.939233
51,4095,13,0.947658
8,1081,1,0.829603
8,1392,2,0.871307
8,1667,3,0.896106
8,1920,4,0.904501
8,2166,5,0.916382
8,2402,6,0.92197
8,2633,7,0.932659
8,2855,8,0.937229
8,3073,9,0.940564
51,1081,1,0.786894
51,1429,2,0.840205
51,1731,3,0.863261
51,2013,4,0.885318
51,2276,5,0.900396
51,2526,6,0.912277
51,2765,7,0.918136
51,2999,8,0.928824
51,3224,9,0.933395
51,3445,10,0.93673
51,3663,11,0.939233
51,3879,12,0.939233
51,4095,13,0.947658
8,1081,1,0.829603
8,1392,2,0.871307
8,1667,3,0.896106
8,1920,4,0.904501
8,2166,5,0.916382
8,2402,6,0.92197
8,2633,7,0.932659
8,2855,8,0.937229
8,3073,9,0.940564
51,1081,1,0.786894
51,1429,2,0.840205
51,1731,3,0.863261
51,2013,4,0.885318
51,2276,5,0.900396
51,2526,6,0.912277
51,2765,7,0.918136
51,2999,8,0.928824
51,3224,9,0.933395
51,3445,10,0.93673
51,3663,11,0.939233
51,3879,12,0.939233
51,4095,13,0.947658
8,1293,1,0.860283
8,1655,2,0.896106
8,1980,3,0.904501
8,2296,4,0.917
8,2599,5,0.932659
8,2886,6,0.940564
8,3165,7,0.940564
8,3444,8,0.943067
8,3720,9,0.960425
51,1293,1,0.830372
51,1686,2,0.862614
51,2045,3,0.885318
51,2381,4,0.904742
51,2697,5,0.91708
51,3000,6,0.928824
51,3291,7,0.933395
51,3577,8,0.93673
51,3860,9,0.939233
51,4140,10,0.947658
51,4411,11,0.958332
51,4671,12,0.958332
51,4931,13,0.966512
8,1293,1,0.860283
8,1655,2,0.896106
8,1980,3,0.904501
8,2296,4,0.917
8,2599,5,0.932659
8,2886,6,0.940564
8,3165,7,0.940564
8,3444,8,0.943067
8,3720,9,0.960425
51,1293,1,0.830372
51,1686,2,0.862614
51,2045,3,0.885318
51,2381,4,0.904742
51,2697,5,0.91708
51,3000,6,0.928824
51,3291,7,0.933395
51,3577,8,0.93673
51,3860,9,0.939233
51,4140,10,0.947658
51,4411,11,0.958332
51,4671,12,0.958332
51,4931,13,0.966512
8,1293,1,0.860283
8,1655,2,0.896106
8,1980,3,0.904501
8,2296,4,0.917
8,2599,5,0.932659
8,2886,6,0.940564
8,3165,7,0.940564
8,3444,8,0.943067
8,3720,9,0.960425
51,1293,1,0.830372
51,1686,2,0.862614
51,2045,3,0.885318
51,2381,4,0.904742
51,2697,5,0.91708
51,3000,6,0.928824
51,3291,7,0.933395
51,3577,8,0.93673
51,3860,9,0.939233
51,4140,10,0.947658
51,4411,11,0.958332
51,4671,12,0.958332
51,4931,13,0.966512
8,1630,1,0.886299
8,2078,2,0.904501
8,2502,3,0.930081
8,2893,4,0.940564
8,3270,5,0.943067
8,3644,6,0.949752
8,4009,7,0.962166
8,4358,8,0.970346
8,4696,9,0.970346
8,5034,10,0.970346
8,5372,11,0.972699
8,5707,12,0.977762
8,6035,13,0.977762
8,6363,14,0.977762
8,6691,15,0.977762
8,7019,16,0.985182
51,1630,1,0.857769
51,2115,2,0.887815
51,2561,3,0.912277
51,2975,4,0.928824
51,3367,5,0.93673
51,3749,6,0.939233
51,4128,7,0.947658
51,4496,8,0.958332
51,4850,9,0.958332
51,5204,10,0.966512
51,5547,11,0.966512
51,5890,12,0.966512
51,6233,13,0.973928
51,6566,14,0.973928
51,6899,15,0.973928
51,7232,16,0.973928
51,7565,17,0.981348
8,1630,1,0.886299
8,2078,2,0.904501
8,2502,3,0.930081
8,2893,4,0.940564
8,3270,5,0.943067
8,3644,6,0.949752
8,4009,7,0.962166
8,4358,8,0.970346
8,4696,9,0.970346
8,5034,10,0.970346
8,5372,11,0.972699
8,5707,12,0.977762
8,6035,13,0.977762
8,6363,14,0.977762
8,6691,15,0.977762
8,7019,16,0.985182
51,1630,1,0.857769
51,2115,2,0.887815
51,2561,3,0.912277
51,2975,4,0.928824
51,3367,5,0.93673
51,3749,6,0.939233
51,4128,7,0.947658
51,4496,8,0.958332
51,4850,9,0.958332
51,5204,10,0.966512
51,5547,11,0.966512
51,5890,12,0.966512
51,6233,13,0.973928
51,6566,14,0.973928
51,6899,15,0.973928
51,7232,16,0.973928
51,7565,17,0.981348
8,1630,1,0.886299
8,2078,2,0.904501
8,2502,3,0.930081
8,2893,4,0.940564
8,3270,5,0.943067
8,3644,6,0.949752
8,4009,7,0.962166
8,4358,8,0.970346
8,4696,9,0.970346
8,5034,10,0.970346
8,5372,11,0.972699
8,5707,12,0.977762
8,6035,13,0.977762
8,6363,14,0.977762
8,6691,15,0.977762
8,7019,16,0.985182
51,1630,1,0.857769
51,2115,2,0.887815
51,2561,3,0.912277
51,2975,4,0.928824
51,3367,5,0.93673
51,3749,6,0.939233
51,4128,7,0.947658
51,4496,8,0.958332
51,4850,9,0.958332
51,5204,10,0.966512
51,5547,11,0.966512
51,5890,12,0.966512
51,6233,13,0.973928
51,6566,14,0.973928
51,6899,15,0.973928
51,7232,16,0.973928
51,7565,17,0.981348
